1.000000 0.000000
2.000000 0.000000
3.000000 0.000000
4.000000 0.000000
5.000000 0.000000
6.000000 0.000000
7.000000 0.000000
8.000000 0.000000
9.000000 0.000000
10.000000 0.000000
11.000000 0.000000
12.000000 0.000000
13.000000 0.000000
14.000000 0.000000
15.000000 0.000000
16.000000 0.000000
17.000000 0.000000
18.000000 0.000000
19.000000 0.000000
20.000000 0.000000
21.000000 17.932460
22.000000 26.980069
23.000000 30.969553
24.000000 41.195305
25.000000 46.426987
26.000000 48.704186
27.000000 9.424849
28.000000 16.571093
29.000000 57.530100
30.000000 23.768556
31.000000 18.226561
32.000000 6.361669
33.000000 0.000000
34.000000 0.000000
35.000000 0.000000
36.000000 0.000000
37.000000 0.000000
38.000000 0.000000
39.000000 0.000000
40.000000 2.856576
41.000000 6.931752
42.000000 7.064828
43.000000 10.212062
44.000000 20.759446
45.000000 40.832861
46.000000 44.512420
47.000000 38.118626
48.000000 8.447974
49.000000 0.720166
50.000000 2.583179
51.000000 0.000000
52.000000 0.000000
53.000000 0.000000
54.000000 0.000000
55.000000 3.036491
56.000000 36.299392
57.000000 44.279421
58.000000 40.892111
59.000000 38.881463
60.000000 26.363352
61.000000 13.387760
62.000000 11.380927
63.000000 7.135006
64.000000 0.000000
65.000000 2.860357
66.000000 9.151475
67.000000 7.072200
68.000000 2.890382
69.000000 2.875349
70.000000 4.930663
71.000000 15.880560
72.000000 16.201199
73.000000 7.356167
74.000000 0.000000
75.000000 0.000000
76.000000 7.135006
77.000000 13.834517
78.000000 18.769175
79.000000 5.258833
80.000000 0.000000
81.000000 14.227697
82.000000 19.278095
83.000000 24.798603
84.000000 33.635574
85.000000 23.791094
86.000000 18.939624
87.000000 13.920702
88.000000 14.071193
89.000000 14.222145
90.000000 6.425842
91.000000 1.326858
92.000000 3.820959
93.000000 3.803299
94.000000 8.898907
95.000000 16.926639
96.000000 0.000000
97.000000 0.000000
98.000000 0.000000
99.000000 13.770668
100.000000 19.271319
101.000000 16.868079
102.000000 11.684407
103.000000 9.103606
104.000000 3.910023
105.000000 0.000000
106.000000 0.000000
107.000000 8.729728
108.000000 13.970815
109.000000 19.537596
110.000000 19.871612
111.000000 23.056807
112.000000 17.751996
113.000000 12.325715
114.000000 1.497472
115.000000 0.000000
116.000000 0.000000
117.000000 0.000000
118.000000 0.000000
119.000000 0.000000
120.000000 0.000000
121.000000 0.000000
122.000000 0.000000
123.000000 0.000000
124.000000 0.000000
125.000000 0.000000
126.000000 0.000000
127.000000 0.000000
128.000000 0.000000
129.000000 0.000000
130.000000 0.000000
131.000000 0.000000
132.000000 0.000000
133.000000 0.000000
134.000000 0.000000
135.000000 0.000000
136.000000 0.000000
137.000000 0.000000
138.000000 0.000000
139.000000 0.000000
140.000000 0.000000
141.000000 0.000000
142.000000 0.000000
143.000000 0.000000
144.000000 0.000000
145.000000 0.000000
146.000000 0.000000
147.000000 0.000000
148.000000 0.000000
149.000000 0.000000
150.000000 0.000000
151.000000 0.000000
152.000000 0.000000
153.000000 0.000000
154.000000 0.000000
155.000000 0.000000
156.000000 0.000000
157.000000 0.000000
158.000000 0.000000
159.000000 0.000000
160.000000 0.000000
161.000000 0.000000
162.000000 0.000000
163.000000 0.000000
164.000000 21.698276
165.000000 34.102097
166.000000 43.545629
167.000000 53.013217
168.000000 62.510611
169.000000 72.043568
170.000000 56.105738
171.000000 52.958189
172.000000 40.335016
173.000000 19.059716
174.000000 0.000000
175.000000 0.000000
176.000000 0.000000
177.000000 11.428617
178.000000 9.349261
179.000000 9.428674
180.000000 14.058928
181.000000 39.758232
182.000000 0.000000
183.000000 0.000000
184.000000 0.000000
185.000000 0.000000
186.000000 0.000000
187.000000 0.000000
188.000000 18.310300
189.000000 11.802468
190.000000 29.922399
191.000000 51.277014
192.000000 58.501360
193.000000 78.842941
194.000000 99.954079
195.000000 101.524692
196.000000 97.834779
197.000000 43.795647
198.000000 78.858998
199.000000 51.280213
200.000000 68.651254
201.000000 63.024865
202.000000 73.583654
203.000000 46.342409
204.000000 43.142130
205.000000 39.745910
206.000000 11.642001
207.000000 3.783346
208.000000 7.635539
209.000000 3.722477
210.000000 11.458581
211.000000 11.458581
212.000000 11.458581
213.000000 11.458581
214.000000 19.394420
215.000000 19.500493
216.000000 31.909482
217.000000 36.522466
218.000000 37.043665
219.000000 28.965887
220.000000 33.564943
221.000000 38.359609
222.000000 30.041996
223.000000 34.769757
224.000000 44.253399
225.000000 59.030962
226.000000 55.448685
227.000000 37.321286
228.000000 28.311501
229.000000 19.196119
230.000000 10.071938
231.000000 1.038282
232.000000 14.467887
233.000000 23.656909
234.000000 28.446933
235.000000 33.386697
236.000000 24.194916
237.000000 33.846392
238.000000 24.557720
239.000000 29.474380
240.000000 20.082913
241.000000 15.387945
242.000000 6.011427
243.000000 15.298579
244.000000 15.298579
245.000000 15.298579
246.000000 15.298579
247.000000 15.298579
248.000000 10.606578
249.000000 1.323865
250.000000 1.265112
251.000000 0.000000
252.000000 0.000000
253.000000 0.000000
254.000000 5.333535
255.000000 0.876646
256.000000 9.625044
257.000000 27.639762
258.000000 18.686776
259.000000 18.737307
260.000000 14.254712
261.000000 0.894253
262.000000 0.000000
263.000000 0.000000
264.000000 0.000000
265.000000 0.000000
266.000000 26.648824
267.000000 0.000000
268.000000 9.063085
269.000000 4.758929
270.000000 4.711117
271.000000 17.500404
272.000000 21.915842
273.000000 26.452996
274.000000 31.137136
275.000000 35.993808
276.000000 36.406196
277.000000 36.820802
278.000000 56.378772
279.000000 37.993675
280.000000 24.134772
281.000000 33.769545
282.000000 15.076789
283.000000 5.815879
284.000000 0.000000
285.000000 0.000000
286.000000 0.000000
287.000000 0.000000
288.000000 0.000000
289.000000 13.181681
290.000000 13.181681
291.000000 0.000000
292.000000 0.000000
293.000000 8.464206
294.000000 16.783991
295.000000 8.464206
296.000000 0.000000
297.000000 8.311595
298.000000 12.395499
299.000000 12.395499
300.000000 0.000000
301.000000 0.000000
302.000000 0.000000
303.000000 0.000000
304.000000 0.000000
305.000000 0.000000
306.000000 0.000000
307.000000 0.000000
308.000000 0.000000
309.000000 0.000000
310.000000 0.000000
311.000000 0.000000
312.000000 0.000000
313.000000 0.000000
314.000000 0.000000
315.000000 0.000000
316.000000 0.000000
317.000000 3.838670
318.000000 0.000000
319.000000 0.000000
320.000000 0.000000
321.000000 0.000000
322.000000 0.000000
323.000000 0.000000
324.000000 0.000000
325.000000 0.000000
326.000000 0.000000
327.000000 0.000000
328.000000 0.000000
329.000000 0.000000
330.000000 0.000000
331.000000 0.000000
332.000000 0.000000
333.000000 0.000000
334.000000 0.000000
335.000000 0.000000
336.000000 0.000000
337.000000 0.000000
338.000000 0.000000
339.000000 0.000000
340.000000 0.000000
341.000000 0.000000
342.000000 0.000000
343.000000 0.000000
344.000000 0.000000
345.000000 0.000000
346.000000 0.000000
347.000000 1.992496
348.000000 27.531415
349.000000 36.961576
350.000000 46.411791
351.000000 55.887804
352.000000 60.360969
353.000000 58.218502
354.000000 59.231912
355.000000 30.349034
356.000000 39.461868
357.000000 38.930044
358.000000 43.697449
359.000000 58.123643
360.000000 27.778754
361.000000 28.509585
362.000000 20.476171
363.000000 26.701086
364.000000 30.351868
365.000000 34.261459
366.000000 10.372278
367.000000 16.386262
368.000000 4.650533
369.000000 0.000000
370.000000 13.332966
371.000000 32.123095
372.000000 23.148109
373.000000 7.878746
374.000000 7.878746
375.000000 7.878746
376.000000 7.878746
377.000000 7.878746
378.000000 10.922542
379.000000 17.183519
380.000000 11.071542
381.000000 4.979240
382.000000 0.000000
383.000000 0.000000
384.000000 0.000000
385.000000 0.000000
386.000000 0.000000
387.000000 0.000000
388.000000 0.000000
389.000000 0.000000
390.000000 0.000000
391.000000 0.000000
392.000000 0.000000
393.000000 0.000000
394.000000 0.000000
395.000000 0.000000
396.000000 0.000000
397.000000 0.000000
398.000000 0.000000
399.000000 0.000000
400.000000 0.000000
401.000000 0.000000
402.000000 0.000000
403.000000 13.469270
404.000000 32.101472
405.000000 41.540639
406.000000 51.002644
407.000000 60.493235
408.000000 70.018167
409.000000 79.583205
410.000000 67.584656
411.000000 18.479344
412.000000 53.633325
413.000000 45.020111
414.000000 32.488595
415.000000 8.797248
416.000000 3.750622
417.000000 0.000000
418.000000 0.000000
419.000000 0.000000
420.000000 0.000000
421.000000 0.000000
422.000000 0.000000
423.000000 0.000000
424.000000 0.000000
425.000000 0.000000
426.000000 0.000000
427.000000 0.000000
428.000000 0.000000
429.000000 0.000000
430.000000 0.000000
431.000000 0.000000
432.000000 0.000000
433.000000 0.000000
434.000000 0.000000
435.000000 0.000000
436.000000 0.000000
437.000000 0.000000
438.000000 0.000000
439.000000 0.000000
440.000000 0.000000
441.000000 0.000000
442.000000 0.000000
443.000000 0.000000
444.000000 0.000000
445.000000 0.000000
446.000000 0.000000
447.000000 0.000000
448.000000 21.698276
449.000000 34.102097
450.000000 43.545629
451.000000 53.013217
452.000000 62.510611
453.000000 72.043568
454.000000 81.617856
455.000000 91.239248
456.000000 40.588122
457.000000 39.640701
458.000000 76.510674
459.000000 50.949545
460.000000 24.422756
461.000000 44.000156
462.000000 16.491792
463.000000 22.869996
464.000000 23.217787
465.000000 4.895639
466.000000 10.922542
467.000000 10.959701
468.000000 1.935976
469.000000 0.000000
470.000000 16.969601
471.000000 7.878746
472.000000 0.000000
473.000000 4.792481
474.000000 4.772027
475.000000 1.836796
476.000000 7.649251
477.000000 7.649251
478.000000 7.649251
479.000000 7.649251
480.000000 7.649251
481.000000 1.812588
482.000000 10.554229
483.000000 10.590794
484.000000 16.703557
485.000000 0.000000
486.000000 1.812588
487.000000 7.592466
488.000000 7.592466
489.000000 1.788612
490.000000 1.764867
491.000000 4.590569
492.000000 0.000000
493.000000 0.000000
494.000000 0.000000
495.000000 0.000000
496.000000 0.000000
497.000000 0.000000
498.000000 0.000000
499.000000 0.000000
500.000000 0.000000
501.000000 0.000000
502.000000 0.000000
503.000000 0.000000
504.000000 0.000000
505.000000 0.000000
506.000000 0.000000
507.000000 0.000000
508.000000 0.000000
509.000000 0.000000
510.000000 0.000000
511.000000 2.869194
512.000000 15.097547
513.000000 16.117668
514.000000 8.411627
515.000000 21.534406
516.000000 12.596005
517.000000 11.253821
518.000000 19.075432
519.000000 33.199746
520.000000 35.156766
521.000000 32.437780
522.000000 26.642045
523.000000 24.069397
524.000000 21.047915
525.000000 24.078629
526.000000 25.114730
527.000000 21.517891
528.000000 19.898154
529.000000 13.554975
530.000000 7.135006
531.000000 5.023576
532.000000 5.023576
533.000000 5.023576
534.000000 5.023576
535.000000 5.023576
536.000000 18.479344
537.000000 9.588016
538.000000 9.667948
539.000000 0.000000
540.000000 0.000000
541.000000 0.871436
542.000000 5.023576
543.000000 5.023576
544.000000 0.000000
545.000000 0.000000
546.000000 0.000000
547.000000 0.000000
548.000000 0.000000
549.000000 0.000000
550.000000 0.000000
551.000000 0.000000
552.000000 0.000000
553.000000 0.000000
554.000000 0.000000
555.000000 0.000000
556.000000 0.000000
557.000000 0.000000
558.000000 0.000000
559.000000 0.000000
560.000000 0.000000
561.000000 0.000000
562.000000 0.000000
563.000000 0.000000
564.000000 0.000000
565.000000 0.000000
566.000000 0.000000
567.000000 0.000000
568.000000 0.000000
569.000000 21.698276
570.000000 34.102097
571.000000 43.545629
572.000000 48.679414
573.000000 25.886865
574.000000 24.541890
575.000000 18.952593
576.000000 3.279851
577.000000 3.279851
578.000000 11.127092
579.000000 6.483320
580.000000 3.423744
581.000000 0.449765
582.000000 0.000000
583.000000 1.830012
584.000000 0.000000
585.000000 9.265863
586.000000 4.769560
587.000000 1.842325
588.000000 0.000000
589.000000 1.781051
590.000000 3.177954
591.000000 4.626894
592.000000 9.265863
593.000000 12.816149
594.000000 18.686210
595.000000 15.711732
596.000000 22.223231
597.000000 19.073041
598.000000 5.939206
599.000000 5.969142
600.000000 11.735663
601.000000 11.953917
602.000000 12.172776
603.000000 6.361669
604.000000 4.453533
605.000000 4.453533
606.000000 8.370604
607.000000 25.842374
608.000000 36.866794
609.000000 25.842703
610.000000 16.781113
611.000000 17.104859
612.000000 0.000000
613.000000 0.000000
614.000000 0.000000
615.000000 0.000000
616.000000 0.000000
617.000000 0.000000
618.000000 0.000000
619.000000 0.000000
620.000000 0.000000
621.000000 0.000000
622.000000 0.000000
623.000000 0.000000
624.000000 0.000000
625.000000 0.000000
626.000000 0.000000
627.000000 0.000000
628.000000 0.000000
629.000000 0.000000
630.000000 0.000000
631.000000 0.000000
632.000000 0.000000
633.000000 0.000000
634.000000 0.000000
635.000000 0.000000
636.000000 0.000000
637.000000 0.000000
638.000000 0.000000
639.000000 0.000000
640.000000 0.000000
641.000000 0.000000
642.000000 0.000000
643.000000 0.000000
644.000000 0.000000
645.000000 0.000000
646.000000 7.969982
647.000000 19.145202
648.000000 37.533688
649.000000 30.276417
650.000000 33.556355
651.000000 23.417620
652.000000 21.975686
653.000000 41.870023
654.000000 43.895511
655.000000 31.276054
656.000000 28.548293
657.000000 27.635349
658.000000 31.313205
659.000000 22.840666
660.000000 11.715655
661.000000 14.171397
662.000000 7.483497
663.000000 7.515439
664.000000 5.306405
665.000000 9.828342
666.000000 7.611531
667.000000 5.378093
668.000000 0.000000
669.000000 0.000000
670.000000 0.000000
671.000000 0.000000
672.000000 0.000000
673.000000 0.000000
674.000000 0.000000
675.000000 0.000000
676.000000 0.000000
677.000000 0.000000
678.000000 0.000000
679.000000 0.000000
680.000000 0.000000
681.000000 0.000000
682.000000 0.000000
683.000000 0.000000
684.000000 0.000000
685.000000 0.000000
686.000000 0.000000
687.000000 0.000000
688.000000 0.000000
689.000000 0.000000
690.000000 0.000000
691.000000 0.000000
692.000000 0.000000
693.000000 0.000000
694.000000 3.905291
695.000000 11.355313
696.000000 7.001804
697.000000 19.002624
698.000000 32.395429
699.000000 28.074826
700.000000 33.921660
701.000000 18.022447
702.000000 32.189814
703.000000 7.599629
704.000000 0.407738
705.000000 3.177954
706.000000 33.232062
707.000000 21.197492
708.000000 20.195188
709.000000 31.954271
710.000000 24.596189
711.000000 4.453533
712.000000 0.000000
713.000000 16.398377
714.000000 16.826093
715.000000 8.681024
716.000000 0.000000
717.000000 0.000000
718.000000 0.000000
719.000000 0.000000
720.000000 0.000000
721.000000 0.000000
722.000000 0.000000
723.000000 0.000000
724.000000 0.000000
725.000000 0.000000
726.000000 0.000000
727.000000 0.000000
728.000000 0.184674
729.000000 18.163546
730.000000 33.816245
731.000000 39.478490
732.000000 43.740874
733.000000 23.417620
734.000000 35.156766
735.000000 38.815157
736.000000 33.410749
737.000000 42.975193
738.000000 38.728814
739.000000 36.044291
740.000000 27.722857
741.000000 28.773680
742.000000 19.569906
743.000000 17.494872
744.000000 12.830763
745.000000 15.477813
746.000000 13.175005
747.000000 5.891392
748.000000 0.000000
749.000000 3.443879
750.000000 1.102404
751.000000 0.000000
752.000000 0.000000
753.000000 0.000000
754.000000 0.000000
755.000000 0.000000
756.000000 0.000000
757.000000 0.000000
758.000000 0.000000
759.000000 0.000000
760.000000 0.000000
761.000000 0.000000
762.000000 0.000000
763.000000 0.000000
764.000000 0.362754
765.000000 0.000000
766.000000 0.000000
767.000000 17.932460
768.000000 33.244589
769.000000 42.686219
770.000000 52.151382
771.000000 52.160334
772.000000 32.120295
773.000000 18.592184
774.000000 23.404988
775.000000 26.756329
776.000000 30.459363
777.000000 29.747778
778.000000 46.637368
779.000000 41.355746
780.000000 29.829072
781.000000 17.755816
782.000000 13.027186
783.000000 20.892348
784.000000 5.966412
785.000000 5.966412
786.000000 3.544380
787.000000 0.000000
788.000000 1.127745
789.000000 5.816803
790.000000 5.816803
791.000000 3.443879
792.000000 0.000000
793.000000 3.328773
794.000000 5.619978
795.000000 5.619978
796.000000 5.619978
797.000000 5.619978
798.000000 5.619978
799.000000 7.967342
800.000000 15.306016
801.000000 18.083067
802.000000 46.494520
803.000000 33.561244
804.000000 34.639187
805.000000 35.722583
806.000000 7.037226
807.000000 24.422756
808.000000 18.828838
809.000000 16.071071
810.000000 4.531121
811.000000 1.695005
812.000000 7.312013
813.000000 4.472185
814.000000 0.000000
815.000000 0.000000
816.000000 4.298405
817.000000 0.000000
818.000000 0.000000
819.000000 4.092040
820.000000 0.000000
821.000000 4.018604
822.000000 0.000000
823.000000 0.000000
824.000000 3.733163
825.000000 6.219653
826.000000 6.219653
827.000000 6.219653
828.000000 0.000000
829.000000 3.663827
830.000000 6.117765
831.000000 1.215312
832.000000 0.000000
833.000000 0.000000
834.000000 0.000000
835.000000 0.000000
836.000000 0.000000
837.000000 0.000000
838.000000 0.000000
839.000000 0.000000
840.000000 0.000000
841.000000 3.737182
842.000000 20.195188
843.000000 18.986277
844.000000 13.539809
845.000000 15.901152
846.000000 16.327228
847.000000 16.754708
848.000000 21.693714
849.000000 27.199108
850.000000 28.247708
851.000000 19.205257
852.000000 5.402078
853.000000 9.989450
854.000000 10.070276
855.000000 10.151283
856.000000 20.082359
857.000000 12.928880
858.000000 23.380526
859.000000 8.395111
860.000000 8.428351
861.000000 8.461640
862.000000 3.578265
863.000000 0.000000
864.000000 0.000000
865.000000 0.000000
866.000000 0.000000
867.000000 0.000000
868.000000 0.000000
869.000000 11.333280
870.000000 11.476350
871.000000 13.890555
872.000000 9.548115
873.000000 16.587408
874.000000 21.831381
875.000000 19.862456
876.000000 12.781776
877.000000 20.523448
878.000000 20.966275
879.000000 10.971673
880.000000 3.595279
881.000000 3.578265
882.000000 3.561298
883.000000 0.000000
884.000000 0.000000
885.000000 3.410758
886.000000 5.742642
887.000000 0.000000
888.000000 0.000000
889.000000 0.000000
890.000000 14.736416
891.000000 17.429753
892.000000 12.781776
893.000000 10.477163
894.000000 1.085744
895.000000 10.477163
896.000000 5.742642
897.000000 5.742642
898.000000 0.000000
899.000000 0.000000
900.000000 0.000000
901.000000 0.000000
902.000000 3.168240
903.000000 5.378093
904.000000 5.378093
905.000000 0.966631
906.000000 3.120954
907.000000 5.306405
908.000000 0.000000
909.000000 0.000000
910.000000 5.164214
911.000000 11.859759
912.000000 3.058523
913.000000 0.000000
914.000000 0.000000
915.000000 0.000000
916.000000 0.000000
917.000000 0.000000
918.000000 4.254286
919.000000 6.119371
920.000000 22.571296
921.000000 21.166735
922.000000 17.326921
923.000000 8.954736
924.000000 9.033308
925.000000 15.752606
926.000000 9.309619
927.000000 7.197981
928.000000 7.229533
929.000000 9.468444
930.000000 0.000000
931.000000 0.871436
932.000000 5.023576
933.000000 5.023576
934.000000 0.000000
935.000000 0.836730
936.000000 0.823137
937.000000 4.861415
938.000000 9.072655
939.000000 15.816561
940.000000 5.023576
941.000000 0.000000
942.000000 4.930663
943.000000 0.000000
944.000000 13.332106
945.000000 18.118039
946.000000 16.201199
947.000000 0.000000
948.000000 0.000000
949.000000 0.000000
950.000000 0.000000
951.000000 0.000000
952.000000 0.000000
953.000000 0.000000
954.000000 0.000000
955.000000 0.000000
956.000000 0.000000
957.000000 0.000000
958.000000 0.000000
959.000000 0.000000
960.000000 7.969982
961.000000 30.387265
962.000000 39.822897
963.000000 49.280322
964.000000 58.765287
965.000000 43.890738
966.000000 22.410697
967.000000 29.922399
968.000000 25.179603
969.000000 21.998884
970.000000 25.114730
971.000000 38.445204
972.000000 48.847257
973.000000 34.953860
974.000000 20.302688
975.000000 13.076411
976.000000 8.262632
977.000000 5.866481
978.000000 5.866481
979.000000 0.000000
980.000000 1.061103
981.000000 0.000000
982.000000 0.000000
983.000000 0.000000
984.000000 0.000000
985.000000 0.000000
986.000000 0.000000
987.000000 0.000000
988.000000 0.000000
989.000000 0.000000
990.000000 4.232333
991.000000 9.922734
992.000000 18.305762
993.000000 14.545346
994.000000 0.726308
995.000000 4.520629
996.000000 8.486717
997.000000 0.000000
998.000000 4.498225
999.000000 4.498225
1000.000000 21.254463
1001.000000 15.178899
1002.000000 17.757808
1003.000000 9.190948
1004.000000 11.476350
1005.000000 13.890555
1006.000000 7.324444
1007.000000 3.012155
1008.000000 0.000000
1009.000000 0.000000
1010.000000 0.000000
1011.000000 0.000000
1012.000000 0.000000
1013.000000 0.000000
1014.000000 0.000000
1015.000000 0.000000
1016.000000 0.000000
1017.000000 0.000000
1018.000000 0.000000
1019.000000 0.000000
1020.000000 0.000000
1021.000000 0.000000
1022.000000 0.000000
1023.000000 0.000000
1024.000000 0.000000
1025.000000 0.000000
1026.000000 0.000000
1027.000000 0.000000
1028.000000 0.000000
1029.000000 0.000000
1030.000000 0.000000
1031.000000 0.000000
1032.000000 0.000000
1033.000000 0.000000
1034.000000 0.000000
1035.000000 0.000000
1036.000000 0.000000
1037.000000 0.000000
1038.000000 0.000000
1039.000000 0.000000
1040.000000 0.000000
1041.000000 0.000000
1042.000000 0.000000
1043.000000 0.000000
1044.000000 0.000000
1045.000000 0.000000
1046.000000 0.000000
1047.000000 0.000000
1048.000000 0.000000
1049.000000 0.000000
1050.000000 0.000000
1051.000000 0.000000
1052.000000 0.000000
1053.000000 2.869194
1054.000000 21.101886
1055.000000 36.103547
1056.000000 45.551701
1057.000000 55.025131
1058.000000 59.544106
1059.000000 29.811797
1060.000000 31.957511
1061.000000 41.228765
1062.000000 29.507561
1063.000000 26.154836
1064.000000 22.398679
1065.000000 23.106379
1066.000000 26.328005
1067.000000 12.294459
1068.000000 19.789248
1069.000000 17.690509
1070.000000 15.477813
1071.000000 0.000000
1072.000000 0.000000
1073.000000 0.000000
1074.000000 5.498468
1075.000000 0.000000
1076.000000 0.000000
1077.000000 0.000000
1078.000000 0.000000
1079.000000 0.000000
1080.000000 0.000000
1081.000000 0.000000
1082.000000 0.000000
1083.000000 0.000000
1084.000000 0.000000
1085.000000 0.000000
1086.000000 0.000000
1087.000000 0.000000
1088.000000 0.000000
1089.000000 0.894135
1090.000000 3.300740
1091.000000 3.370408
1092.000000 0.000000
1093.000000 0.894135
1094.000000 0.000000
1095.000000 0.000000
1096.000000 0.000000
1097.000000 0.000000
1098.000000 0.000000
1099.000000 0.000000
1100.000000 0.000000
1101.000000 0.019925
1102.000000 1.089001
1103.000000 3.555174
1104.000000 12.693511
1105.000000 34.959757
1106.000000 40.559551
1107.000000 42.724268
1108.000000 18.845119
1109.000000 9.303391
1110.000000 26.252054
1111.000000 41.020684
1112.000000 40.333813
1113.000000 23.046374
1114.000000 7.795177
1115.000000 5.999115
1116.000000 6.029124
1117.000000 9.876319
1118.000000 20.378987
1119.000000 14.545346
1120.000000 21.517891
1121.000000 19.898154
1122.000000 15.816561
1123.000000 2.920572
1124.000000 2.905456
1125.000000 9.270020
1126.000000 13.834517
1127.000000 14.058928
1128.000000 9.667948
1129.000000 14.396865
1130.000000 9.908806
1131.000000 12.342984
1132.000000 7.772580
1133.000000 5.498468
1134.000000 5.498468
1135.000000 3.231910
1136.000000 3.215925
1137.000000 5.450183
1138.000000 0.000000
1139.000000 3.152434
1140.000000 0.000000
1141.000000 0.000000
1142.000000 0.000000
1143.000000 0.000000
1144.000000 0.000000
1145.000000 0.000000
1146.000000 0.000000
1147.000000 0.000000
1148.000000 0.000000
1149.000000 0.000000
1150.000000 0.000000
1151.000000 0.000000
1152.000000 0.000000
1153.000000 0.000000
1154.000000 0.000000
1155.000000 0.000000
1156.000000 0.000000
1157.000000 0.000000
1158.000000 0.000000
1159.000000 0.000000
1160.000000 0.000000
1161.000000 0.000000
1162.000000 0.000000
1163.000000 0.000000
1164.000000 0.000000
1165.000000 0.000000
1166.000000 0.000000
1167.000000 0.000000
1168.000000 0.000000
1169.000000 8.786905
1170.000000 30.672928
1171.000000 40.109136
1172.000000 49.567312
1173.000000 59.053201
1174.000000 68.572560
1175.000000 56.078292
1176.000000 45.625292
1177.000000 14.861619
1178.000000 0.000000
1179.000000 0.000000
1180.000000 0.000000
1181.000000 0.000000
1182.000000 0.000000
1183.000000 0.000000
1184.000000 0.000000
1185.000000 0.000000
1186.000000 0.000000
1187.000000 0.003857
1188.000000 0.000000
1189.000000 0.000000
1190.000000 0.000000
1191.000000 0.000000
1192.000000 0.000000
1193.000000 0.000000
1194.000000 0.000000
1195.000000 0.000000
1196.000000 0.000000
1197.000000 0.079700
1198.000000 4.845156
1199.000000 12.513404
1200.000000 29.793896
1201.000000 43.259137
1202.000000 30.952427
1203.000000 13.466435
1204.000000 3.619730
1205.000000 0.000000
1206.000000 4.708286
1207.000000 6.006719
1208.000000 2.502940
1209.000000 14.484986
1210.000000 25.542392
1211.000000 27.673604
1212.000000 31.899550
1213.000000 23.626318
1214.000000 29.183258
1215.000000 13.602371
1216.000000 9.922734
1217.000000 4.298302
1218.000000 0.000000
1219.000000 0.000000
1220.000000 9.783600
1221.000000 9.922734
1222.000000 8.101021
1223.000000 2.484596
1224.000000 0.660826
1225.000000 0.649403
1226.000000 4.232333
1227.000000 2.415296
1228.000000 0.000000
1229.000000 0.000000
1230.000000 0.000000
1231.000000 10.653100
1232.000000 7.265487
1233.000000 7.340738
1234.000000 0.000000
1235.000000 0.000000
1236.000000 0.000000
1237.000000 0.000000
1238.000000 0.000000
1239.000000 0.000000
1240.000000 0.000000
1241.000000 0.000000
1242.000000 0.000000
1243.000000 0.000000
1244.000000 0.000000
1245.000000 0.000000
1246.000000 0.000000
1247.000000 0.000000
1248.000000 0.000000
1249.000000 0.000000
1250.000000 0.000000
1251.000000 0.000000
1252.000000 1.992496
1253.000000 0.273667
1254.000000 0.273667
1255.000000 0.273667
1256.000000 0.273667
1257.000000 2.001773
1258.000000 7.325929
1259.000000 5.930939
1260.000000 6.922352
1261.000000 10.769262
1262.000000 17.164668
1263.000000 24.248597
1264.000000 6.907243
1265.000000 0.000000
1266.000000 0.000000
1267.000000 0.000000
1268.000000 12.787551
1269.000000 28.975961
1270.000000 49.465831
1271.000000 57.375263
1272.000000 52.483467
1273.000000 33.392434
1274.000000 19.768486
1275.000000 12.063270
1276.000000 20.816227
1277.000000 17.040490
1278.000000 15.242477
1279.000000 13.332106
1280.000000 4.907539
1281.000000 0.000000
1282.000000 0.000000
1283.000000 4.678548
1284.000000 4.678548
1285.000000 4.678548
1286.000000 4.678548
1287.000000 4.678548
1288.000000 15.178899
1289.000000 6.853692
1290.000000 13.332106
1291.000000 9.151475
1292.000000 11.428617
1293.000000 13.834517
1294.000000 9.508258
1295.000000 7.356167
1296.000000 11.907881
1297.000000 9.748057
1298.000000 24.351679
1299.000000 25.067321
1300.000000 17.952022
1301.000000 23.544605
1302.000000 8.461640
1303.000000 3.578265
1304.000000 0.000000
1305.000000 0.000000
1306.000000 0.000000
1307.000000 0.000000
1308.000000 0.000000
1309.000000 0.000000
1310.000000 0.000000
1311.000000 0.000000
1312.000000 0.000000
1313.000000 0.000000
1314.000000 0.000000
1315.000000 0.000000
1316.000000 0.000000
1317.000000 0.000000
1318.000000 0.000000
1319.000000 0.000000
1320.000000 0.000000
1321.000000 0.000000
1322.000000 0.000000
1323.000000 0.000000
1324.000000 0.000000
1325.000000 0.000000
1326.000000 0.000000
1327.000000 0.000000
1328.000000 0.000000
1329.000000 0.000000
1330.000000 0.000000
1331.000000 0.000000
1332.000000 0.000000
1333.000000 0.000000
1334.000000 0.000000
1335.000000 0.000000
1336.000000 0.000000
1337.000000 0.000000
1338.000000 4.483115
1339.000000 28.959166
1340.000000 38.391997
1341.000000 47.845751
1342.000000 26.876900
1343.000000 31.759437
1344.000000 31.010101
1345.000000 29.526282
1346.000000 25.328713
1347.000000 18.466451
1348.000000 23.355657
1349.000000 15.830273
1350.000000 8.139419
1351.000000 10.202016
1352.000000 0.000000
1353.000000 0.000000
1354.000000 0.000000
1355.000000 0.000000
1356.000000 0.000000
1357.000000 0.000000
1358.000000 0.000000
1359.000000 0.000000
1360.000000 0.000000
1361.000000 0.000000
1362.000000 0.000000
1363.000000 0.000000
1364.000000 0.000000
1365.000000 0.000000
1366.000000 0.000000
1367.000000 0.000000
1368.000000 0.000000
1369.000000 0.000000
1370.000000 0.000000
1371.000000 0.000000
1372.000000 0.000000
1373.000000 0.000000
1374.000000 0.000000
1375.000000 0.000000
1376.000000 0.000000
1377.000000 0.000000
1378.000000 0.000000
1379.000000 0.000000
1380.000000 0.000000
1381.000000 0.000000
1382.000000 0.000000
1383.000000 0.000000
1384.000000 0.000000
1385.000000 0.000000
1386.000000 0.000000
1387.000000 0.000000
1388.000000 0.000000
1389.000000 0.000000
1390.000000 17.932460
1391.000000 26.980069
1392.000000 30.969553
1393.000000 41.195305
1394.000000 46.426987
1395.000000 48.704186
1396.000000 9.424849
1397.000000 16.571093
1398.000000 57.530100
1399.000000 23.768556
1400.000000 18.226561
1401.000000 6.361669
1402.000000 0.000000
1403.000000 0.000000
1404.000000 0.000000
1405.000000 0.000000
1406.000000 0.000000
1407.000000 0.000000
1408.000000 0.000000
1409.000000 2.856576
1410.000000 6.931752
1411.000000 7.064828
1412.000000 10.212062
1413.000000 20.759446
1414.000000 40.832861
1415.000000 44.512420
1416.000000 38.118626
1417.000000 8.447974
1418.000000 0.720166
1419.000000 2.583179
1420.000000 0.000000
1421.000000 0.000000
1422.000000 0.000000
1423.000000 0.000000
1424.000000 3.036491
1425.000000 36.299392
1426.000000 44.279421
1427.000000 40.892111
1428.000000 38.881463
1429.000000 26.363352
1430.000000 13.387760
1431.000000 11.380927
1432.000000 7.135006
1433.000000 0.000000
1434.000000 2.860357
1435.000000 9.151475
1436.000000 7.072200
1437.000000 2.890382
1438.000000 2.875349
1439.000000 4.930663
1440.000000 15.880560
1441.000000 16.201199
1442.000000 7.356167
1443.000000 0.000000
1444.000000 0.000000
1445.000000 7.135006
1446.000000 13.834517
1447.000000 18.769175
1448.000000 5.258833
1449.000000 0.000000
1450.000000 14.227697
1451.000000 19.278095
1452.000000 24.798603
1453.000000 33.635574
1454.000000 23.791094
1455.000000 18.939624
1456.000000 13.920702
1457.000000 14.071193
1458.000000 14.222145
1459.000000 6.425842
1460.000000 1.326858
1461.000000 3.820959
1462.000000 3.803299
1463.000000 8.898907
1464.000000 16.926639
1465.000000 0.000000
1466.000000 0.000000
1467.000000 0.000000
1468.000000 13.770668
1469.000000 19.271319
1470.000000 16.868079
1471.000000 11.684407
1472.000000 9.103606
1473.000000 3.910023
1474.000000 0.000000
1475.000000 0.000000
1476.000000 8.729728
1477.000000 13.970815
1478.000000 19.537596
1479.000000 19.871612
1480.000000 23.056807
1481.000000 17.751996
1482.000000 12.325715
1483.000000 1.497472
1484.000000 0.000000
1485.000000 0.000000
1486.000000 0.000000
1487.000000 0.000000
1488.000000 0.000000
1489.000000 0.000000
1490.000000 0.000000
1491.000000 0.000000
1492.000000 0.000000
1493.000000 0.000000
1494.000000 0.000000
1495.000000 0.000000
1496.000000 0.000000
1497.000000 0.000000
1498.000000 0.000000
1499.000000 0.000000
1500.000000 0.000000
1501.000000 0.000000
1502.000000 0.000000
1503.000000 0.000000
1504.000000 0.000000
1505.000000 0.000000
1506.000000 0.000000
1507.000000 0.000000
1508.000000 0.000000
1509.000000 0.000000
1510.000000 0.000000
1511.000000 0.000000
1512.000000 0.000000
1513.000000 0.000000
1514.000000 0.000000
1515.000000 0.000000
1516.000000 0.000000
1517.000000 0.000000
1518.000000 0.000000
1519.000000 0.000000
1520.000000 0.000000
1521.000000 0.000000
1522.000000 0.000000
1523.000000 0.000000
1524.000000 0.000000
1525.000000 0.000000
1526.000000 0.000000
1527.000000 0.000000
1528.000000 0.000000
1529.000000 0.000000
1530.000000 0.000000
1531.000000 0.000000
1532.000000 0.000000
1533.000000 21.698276
1534.000000 34.102097
1535.000000 43.545629
1536.000000 53.013217
1537.000000 62.510611
1538.000000 72.043568
1539.000000 56.105738
1540.000000 52.958189
1541.000000 40.335016
1542.000000 19.059716
1543.000000 0.000000
1544.000000 0.000000
1545.000000 0.000000
1546.000000 11.428617
1547.000000 9.349261
1548.000000 9.428674
1549.000000 14.058928
1550.000000 39.758232
1551.000000 0.000000
1552.000000 0.000000
1553.000000 0.000000
1554.000000 0.000000
1555.000000 0.000000
1556.000000 0.000000
1557.000000 18.310300
1558.000000 11.802468
1559.000000 29.922399
1560.000000 51.277014
1561.000000 58.501360
1562.000000 78.842941
1563.000000 99.954079
1564.000000 101.524692
1565.000000 97.834779
1566.000000 43.795647
1567.000000 78.858998
1568.000000 51.280213
1569.000000 68.651254
1570.000000 63.024865
1571.000000 73.583654
1572.000000 46.342409
1573.000000 43.142130
1574.000000 39.745910
1575.000000 11.642001
1576.000000 3.783346
1577.000000 7.635539
1578.000000 3.722477
1579.000000 11.458581
1580.000000 11.458581
1581.000000 11.458581
1582.000000 11.458581
1583.000000 19.394420
1584.000000 19.500493
1585.000000 31.909482
1586.000000 36.522466
1587.000000 37.043665
1588.000000 28.965887
1589.000000 33.564943
1590.000000 38.359609
1591.000000 30.041996
1592.000000 34.769757
1593.000000 44.253399
1594.000000 59.030962
1595.000000 55.448685
1596.000000 37.321286
1597.000000 28.311501
1598.000000 19.196119
1599.000000 10.071938
1600.000000 1.038282
1601.000000 14.467887
1602.000000 23.656909
1603.000000 28.446933
1604.000000 33.386697
1605.000000 24.194916
1606.000000 33.846392
1607.000000 24.557720
1608.000000 29.474380
1609.000000 20.082913
1610.000000 15.387945
1611.000000 6.011427
1612.000000 15.298579
1613.000000 15.298579
1614.000000 15.298579
1615.000000 15.298579
1616.000000 15.298579
1617.000000 10.606578
1618.000000 1.323865
1619.000000 1.265112
1620.000000 0.000000
1621.000000 0.000000
1622.000000 0.000000
1623.000000 5.333535
1624.000000 0.876646
1625.000000 9.625044
1626.000000 27.639762
1627.000000 18.686776
1628.000000 18.737307
1629.000000 14.254712
1630.000000 0.894253
1631.000000 0.000000
1632.000000 0.000000
1633.000000 0.000000
1634.000000 0.000000
1635.000000 26.648824
1636.000000 0.000000
1637.000000 9.063085
1638.000000 4.758929
1639.000000 4.711117
1640.000000 17.500404
1641.000000 21.915842
1642.000000 26.452996
1643.000000 31.137136
1644.000000 35.993808
1645.000000 36.406196
1646.000000 36.820802
1647.000000 56.378772
1648.000000 37.993675
1649.000000 24.134772
1650.000000 33.769545
1651.000000 15.076789
1652.000000 5.815879
1653.000000 0.000000
1654.000000 0.000000
1655.000000 0.000000
1656.000000 0.000000
1657.000000 0.000000
1658.000000 13.181681
1659.000000 13.181681
1660.000000 0.000000
1661.000000 0.000000
1662.000000 8.464206
1663.000000 16.783991
1664.000000 8.464206
1665.000000 0.000000
1666.000000 8.311595
1667.000000 12.395499
1668.000000 12.395499
1669.000000 0.000000
1670.000000 0.000000
1671.000000 0.000000
1672.000000 0.000000
1673.000000 0.000000
1674.000000 0.000000
1675.000000 0.000000
1676.000000 0.000000
1677.000000 0.000000
1678.000000 0.000000
1679.000000 0.000000
1680.000000 0.000000
1681.000000 0.000000
1682.000000 0.000000
1683.000000 0.000000
1684.000000 0.000000
1685.000000 0.000000
1686.000000 3.838670
1687.000000 0.000000
1688.000000 0.000000
1689.000000 0.000000
1690.000000 0.000000
1691.000000 0.000000
1692.000000 0.000000
1693.000000 0.000000
1694.000000 0.000000
1695.000000 0.000000
1696.000000 0.000000
1697.000000 0.000000
1698.000000 0.000000
1699.000000 0.000000
1700.000000 0.000000
1701.000000 0.000000
1702.000000 0.000000
1703.000000 0.000000
1704.000000 0.000000
1705.000000 0.000000
1706.000000 0.000000
1707.000000 0.000000
1708.000000 0.000000
1709.000000 0.000000
1710.000000 0.000000
1711.000000 0.000000
1712.000000 0.000000
1713.000000 0.000000
1714.000000 0.000000
1715.000000 0.000000
1716.000000 1.992496
1717.000000 27.531415
1718.000000 36.961576
1719.000000 46.411791
1720.000000 55.887804
1721.000000 60.360969
1722.000000 58.218502
1723.000000 59.231912
1724.000000 30.349034
1725.000000 39.461868
1726.000000 38.930044
1727.000000 43.697449
1728.000000 58.123643
1729.000000 27.778754
1730.000000 28.509585
1731.000000 20.476171
1732.000000 26.701086
1733.000000 30.351868
1734.000000 34.261459
1735.000000 10.372278
1736.000000 16.386262
1737.000000 4.650533
1738.000000 0.000000
1739.000000 13.332966
1740.000000 32.123095
1741.000000 23.148109
1742.000000 7.878746
1743.000000 7.878746
1744.000000 7.878746
1745.000000 7.878746
1746.000000 7.878746
1747.000000 10.922542
1748.000000 17.183519
1749.000000 11.071542
1750.000000 4.979240
1751.000000 0.000000
1752.000000 0.000000
1753.000000 0.000000
1754.000000 0.000000
1755.000000 0.000000
1756.000000 0.000000
1757.000000 0.000000
1758.000000 0.000000
1759.000000 0.000000
1760.000000 0.000000
1761.000000 0.000000
1762.000000 0.000000
1763.000000 0.000000
1764.000000 0.000000
1765.000000 0.000000
1766.000000 0.000000
1767.000000 0.000000
1768.000000 0.000000
1769.000000 0.000000
1770.000000 0.000000
1771.000000 0.000000
1772.000000 13.469270
1773.000000 32.101472
1774.000000 41.540639
1775.000000 51.002644
1776.000000 60.493235
1777.000000 70.018167
1778.000000 79.583205
1779.000000 67.584656
1780.000000 18.479344
1781.000000 53.633325
1782.000000 45.020111
1783.000000 32.488595
1784.000000 8.797248
1785.000000 3.750622
1786.000000 0.000000
1787.000000 0.000000
1788.000000 0.000000
1789.000000 0.000000
1790.000000 0.000000
1791.000000 0.000000
1792.000000 0.000000
1793.000000 0.000000
1794.000000 0.000000
1795.000000 0.000000
1796.000000 0.000000
1797.000000 0.000000
1798.000000 0.000000
1799.000000 0.000000
1800.000000 0.000000
1801.000000 0.000000
1802.000000 0.000000
1803.000000 0.000000
1804.000000 0.000000
1805.000000 0.000000
1806.000000 0.000000
1807.000000 0.000000
1808.000000 0.000000
1809.000000 0.000000
1810.000000 0.000000
1811.000000 0.000000
1812.000000 0.000000
1813.000000 0.000000
1814.000000 0.000000
1815.000000 0.000000
1816.000000 0.000000
1817.000000 21.698276
1818.000000 34.102097
1819.000000 43.545629
1820.000000 53.013217
1821.000000 62.510611
1822.000000 72.043568
1823.000000 81.617856
1824.000000 91.239248
1825.000000 40.588122
1826.000000 39.640701
1827.000000 76.510674
1828.000000 50.949545
1829.000000 24.422756
1830.000000 44.000156
1831.000000 16.491792
1832.000000 22.869996
1833.000000 23.217787
1834.000000 4.895639
1835.000000 10.922542
1836.000000 10.959701
1837.000000 1.935976
1838.000000 0.000000
1839.000000 16.969601
1840.000000 7.878746
1841.000000 0.000000
1842.000000 4.792481
1843.000000 4.772027
1844.000000 1.836796
1845.000000 7.649251
1846.000000 7.649251
1847.000000 7.649251
1848.000000 7.649251
1849.000000 7.649251
1850.000000 1.812588
1851.000000 10.554229
1852.000000 10.590794
1853.000000 16.703557
1854.000000 0.000000
1855.000000 1.812588
1856.000000 7.592466
1857.000000 7.592466
1858.000000 1.788612
1859.000000 1.764867
1860.000000 4.590569
1861.000000 0.000000
1862.000000 0.000000
1863.000000 0.000000
1864.000000 0.000000
1865.000000 0.000000
1866.000000 0.000000
1867.000000 0.000000
1868.000000 0.000000
1869.000000 0.000000
1870.000000 0.000000
1871.000000 0.000000
1872.000000 0.000000
1873.000000 0.000000
1874.000000 0.000000
1875.000000 0.000000
