0.000000 0.000000
0.000000 0.000000
0.000000 0.000000
0.000000 0.000000
0.000000 0.000000
0.000000 0.000000
0.000000 0.000000
0.000000 0.000000
0.000000 0.000000
0.000000 0.000000
4056.911570 0.000000
6663.699397 0.000000
8473.746102 0.000000
10287.065497 0.000000
668.866778 0.000000
668.866778 0.000000
668.866778 0.000000
668.866778 0.000000
668.866778 0.000000
668.866778 0.000000
668.866778 0.000000
668.866778 0.000000
0.000000 300.077738
0.000000 192.952543
0.000000 108.934089
0.000000 48.542388
0.000000 12.154763
0.000000 0.000000
0.000000 0.000000
0.000000 0.000000
0.000000 0.000000
0.000000 0.000000
0.000000 0.000000
0.000000 0.000000
0.000000 0.000000
0.000000 0.000000
0.000000 0.000000
0.000000 0.000000
0.000000 0.000000
0.000000 0.000000
0.000000 0.000000
0.000000 0.000000
0.000000 0.000000
0.000000 0.000000
0.000000 0.000000
0.000000 0.000000
0.000000 0.000000
2954.152852 0.000000
4977.010392 0.000000
6314.172207 0.000000
7653.407443 0.000000
8995.186995 0.000000
712.500821 0.000000
712.500821 0.000000
10339.982125 0.000000
11688.264461 0.000000
13040.505999 0.000000
14397.179099 0.000000
15758.756493 0.000000
1455.943472 0.000000
1455.943472 0.000000
1455.943472 0.000000
1455.943472 0.000000
1455.943472 0.000000
1455.943472 0.000000
1455.943472 0.000000
1455.943472 0.000000
1455.943472 0.000000
1455.943472 0.000000
1455.943472 0.000000
1455.943472 0.000000
1455.943472 0.000000
1455.943472 0.000000
1455.943472 0.000000
1455.943472 0.000000
1455.943472 0.000000
1455.943472 0.000000
1455.943472 0.000000
1455.943472 0.000000
1455.943472 0.000000
1455.943472 0.000000
1455.943472 0.000000
1455.943472 0.000000
1455.943472 0.000000
0.000000 1305.437492
0.000000 1068.887011
0.000000 852.839047
0.000000 658.657037
0.000000 487.601681
0.000000 340.811505
0.000000 219.284629
0.000000 123.862270
0.000000 55.214456
0.000000 13.828416
0.000000 0.000000
0.000000 0.000000
0.000000 0.000000
0.000000 0.000000
0.000000 0.000000
0.000000 0.000000
0.000000 0.000000
0.000000 0.000000
0.000000 0.000000
0.000000 0.000000
0.000000 0.000000
0.000000 0.000000
0.000000 0.000000
0.000000 0.000000
0.000000 0.000000
0.000000 0.000000
0.000000 0.000000
0.000000 0.000000
0.000000 0.000000
0.000000 0.000000
0.000000 0.000000
1490.141991 0.000000
2689.580099 0.000000
3391.091636 0.000000
4093.388464 0.000000
4796.639177 0.000000
5501.012457 0.000000
609.760545 0.000000
609.760545 0.000000
6206.677075 0.000000
6913.801890 0.000000
7622.555852 0.000000
8333.107998 0.000000
9045.627452 0.000000
9760.283430 0.000000
10477.245236 0.000000
11196.682261 0.000000
11918.763988 0.000000
1561.132104 0.000000
1561.132104 0.000000
12643.659988 0.000000
13371.539919 0.000000
14102.573533 0.000000
14836.930667 0.000000
15574.781251 0.000000
16316.295303 0.000000
17061.642931 0.000000
2445.732819 0.000000
2445.732819 0.000000
2445.732819 0.000000
2445.732819 0.000000
2445.732819 0.000000
2445.732819 0.000000
2445.732819 0.000000
2445.732819 0.000000
2445.732819 0.000000
2445.732819 0.000000
2445.732819 0.000000
2445.732819 0.000000
2445.732819 0.000000
0.000000 2946.936029
0.000000 2755.947043
0.000000 2568.808526
0.000000 2385.834892
0.000000 2207.342800
0.000000 2033.650067
0.000000 1865.074519
0.000000 1701.932775
1607.570157 0.000000
1607.570157 0.000000
1607.570157 0.000000
1607.570157 0.000000
1607.570157 0.000000
1607.570157 0.000000
1607.570157 0.000000
1607.570157 0.000000
1607.570157 0.000000
1607.570157 0.000000
1607.570157 0.000000
1607.570157 0.000000
1607.570157 0.000000
0.000000 1544.538989
0.000000 1267.182746
0.000000 1012.898082
0.000000 783.556619
0.000000 580.904504
0.000000 406.531186
0.000000 261.839669
0.000000 148.019212
0.000000 66.021459
0.000000 16.540838
0.000000 0.000000
0.000000 0.000000
0.000000 0.000000
0.000000 0.000000
0.000000 0.000000
0.000000 0.000000
0.000000 0.000000
0.000000 0.000000
0.000000 0.000000
0.000000 0.000000
0.000000 0.000000
0.000000 0.000000
0.000000 0.000000
0.000000 0.000000
0.000000 0.000000
0.000000 0.000000
0.000000 0.000000
0.000000 0.000000
0.000000 0.000000
0.000000 0.000000
4056.911570 0.000000
6663.699397 0.000000
8473.746102 0.000000
10287.065497 0.000000
668.866778 0.000000
668.866778 0.000000
668.866778 0.000000
668.866778 0.000000
668.866778 0.000000
668.866778 0.000000
668.866778 0.000000
668.866778 0.000000
0.000000 300.077738
0.000000 192.952543
0.000000 108.934089
0.000000 48.542388
0.000000 12.154763
0.000000 0.000000
0.000000 0.000000
0.000000 0.000000
0.000000 0.000000
0.000000 0.000000
0.000000 0.000000
0.000000 0.000000
0.000000 0.000000
0.000000 0.000000
0.000000 0.000000
0.000000 0.000000
0.000000 0.000000
0.000000 0.000000
0.000000 0.000000
0.000000 0.000000
0.000000 0.000000
0.000000 0.000000
0.000000 0.000000
0.000000 0.000000
0.000000 0.000000
2954.152852 0.000000
4977.010392 0.000000
6314.172207 0.000000
7653.407443 0.000000
8995.186995 0.000000
712.500821 0.000000
712.500821 0.000000
10339.982125 0.000000
11688.264461 0.000000
13040.505999 0.000000
14397.179099 0.000000
15758.756493 0.000000
1455.943472 0.000000
1455.943472 0.000000
1455.943472 0.000000
1455.943472 0.000000
1455.943472 0.000000
1455.943472 0.000000
1455.943472 0.000000
1455.943472 0.000000
1455.943472 0.000000
1455.943472 0.000000
1455.943472 0.000000
1455.943472 0.000000
1455.943472 0.000000
1455.943472 0.000000
1455.943472 0.000000
1455.943472 0.000000
1455.943472 0.000000
1455.943472 0.000000
1455.943472 0.000000
1455.943472 0.000000
1455.943472 0.000000
1455.943472 0.000000
1455.943472 0.000000
1455.943472 0.000000
1455.943472 0.000000
0.000000 1305.437492
0.000000 1068.887011
0.000000 852.839047
0.000000 658.657037
0.000000 487.601681
0.000000 340.811505
0.000000 219.284629
0.000000 123.862270
0.000000 55.214456
0.000000 13.828416
0.000000 0.000000
0.000000 0.000000
0.000000 0.000000
0.000000 0.000000
0.000000 0.000000
0.000000 0.000000
0.000000 0.000000
0.000000 0.000000
0.000000 0.000000
0.000000 0.000000
0.000000 0.000000
0.000000 0.000000
0.000000 0.000000
0.000000 0.000000
0.000000 0.000000
0.000000 0.000000
0.000000 0.000000
0.000000 0.000000
0.000000 0.000000
0.000000 0.000000
0.000000 0.000000
1490.141991 0.000000
2689.580099 0.000000
3391.091636 0.000000
4093.388464 0.000000
4796.639177 0.000000
5501.012457 0.000000
609.760545 0.000000
609.760545 0.000000
6206.677075 0.000000
6913.801890 0.000000
7622.555852 0.000000
8333.107998 0.000000
9045.627452 0.000000
9760.283430 0.000000
10477.245236 0.000000
11196.682261 0.000000
11918.763988 0.000000
1561.132104 0.000000
1561.132104 0.000000
12643.659988 0.000000
13371.539919 0.000000
14102.573533 0.000000
14836.930667 0.000000
15574.781251 0.000000
16316.295303 0.000000
17061.642931 0.000000
2445.732819 0.000000
2445.732819 0.000000
2445.732819 0.000000
2445.732819 0.000000
2445.732819 0.000000
2445.732819 0.000000
2445.732819 0.000000
2445.732819 0.000000
2445.732819 0.000000
2445.732819 0.000000
2445.732819 0.000000
2445.732819 0.000000
2445.732819 0.000000
0.000000 2946.936029
0.000000 2755.947043
0.000000 2568.808526
0.000000 2385.834892
0.000000 2207.342800
0.000000 2033.650067
0.000000 1865.074519
0.000000 1701.932775
1607.570157 0.000000
1607.570157 0.000000
1607.570157 0.000000
1607.570157 0.000000
1607.570157 0.000000
1607.570157 0.000000
1607.570157 0.000000
1607.570157 0.000000
1607.570157 0.000000
1607.570157 0.000000
1607.570157 0.000000
1607.570157 0.000000
1607.570157 0.000000
0.000000 1544.538989
0.000000 1267.182746
0.000000 1012.898082
0.000000 783.556619
0.000000 580.904504
0.000000 406.531186
0.000000 261.839669
0.000000 148.019212
0.000000 66.021459
0.000000 16.540838
0.000000 0.000000
0.000000 0.000000
0.000000 0.000000
0.000000 0.000000
0.000000 0.000000
0.000000 0.000000
0.000000 0.000000
0.000000 0.000000
0.000000 0.000000
0.000000 0.000000
0.000000 0.000000
0.000000 0.000000
0.000000 0.000000
0.000000 0.000000
0.000000 0.000000
0.000000 0.000000
0.000000 0.000000
0.000000 0.000000
0.000000 0.000000
0.000000 0.000000
4056.911570 0.000000
6663.699397 0.000000
8473.746102 0.000000
10287.065497 0.000000
668.866778 0.000000
668.866778 0.000000
668.866778 0.000000
668.866778 0.000000
668.866778 0.000000
668.866778 0.000000
668.866778 0.000000
668.866778 0.000000
0.000000 300.077738
0.000000 192.952543
0.000000 108.934089
0.000000 48.542388
0.000000 12.154763
0.000000 0.000000
0.000000 0.000000
0.000000 0.000000
0.000000 0.000000
0.000000 0.000000
0.000000 0.000000
0.000000 0.000000
0.000000 0.000000
0.000000 0.000000
0.000000 0.000000
0.000000 0.000000
0.000000 0.000000
0.000000 0.000000
0.000000 0.000000
0.000000 0.000000
0.000000 0.000000
0.000000 0.000000
0.000000 0.000000
0.000000 0.000000
0.000000 0.000000
2954.152852 0.000000
4977.010392 0.000000
6314.172207 0.000000
7653.407443 0.000000
8995.186995 0.000000
712.500821 0.000000
712.500821 0.000000
10339.982125 0.000000
11688.264461 0.000000
13040.505999 0.000000
14397.179099 0.000000
15758.756493 0.000000
1455.943472 0.000000
1455.943472 0.000000
1455.943472 0.000000
1455.943472 0.000000
1455.943472 0.000000
1455.943472 0.000000
1455.943472 0.000000
1455.943472 0.000000
1455.943472 0.000000
1455.943472 0.000000
1455.943472 0.000000
1455.943472 0.000000
1455.943472 0.000000
1455.943472 0.000000
1455.943472 0.000000
1455.943472 0.000000
1455.943472 0.000000
1455.943472 0.000000
1455.943472 0.000000
1455.943472 0.000000
1455.943472 0.000000
1455.943472 0.000000
1455.943472 0.000000
1455.943472 0.000000
1455.943472 0.000000
0.000000 1305.437492
0.000000 1068.887011
0.000000 852.839047
0.000000 658.657037
0.000000 487.601681
0.000000 340.811505
0.000000 219.284629
0.000000 123.862270
0.000000 55.214456
0.000000 13.828416
0.000000 0.000000
0.000000 0.000000
0.000000 0.000000
0.000000 0.000000
0.000000 0.000000
0.000000 0.000000
0.000000 0.000000
0.000000 0.000000
0.000000 0.000000
0.000000 0.000000
0.000000 0.000000
0.000000 0.000000
0.000000 0.000000
0.000000 0.000000
0.000000 0.000000
0.000000 0.000000
0.000000 0.000000
0.000000 0.000000
0.000000 0.000000
0.000000 0.000000
0.000000 0.000000
1490.141991 0.000000
2689.580099 0.000000
3391.091636 0.000000
4093.388464 0.000000
4796.639177 0.000000
5501.012457 0.000000
609.760545 0.000000
609.760545 0.000000
6206.677075 0.000000
6913.801890 0.000000
7622.555852 0.000000
8333.107998 0.000000
9045.627452 0.000000
9760.283430 0.000000
10477.245236 0.000000
11196.682261 0.000000
11918.763988 0.000000
1561.132104 0.000000
1561.132104 0.000000
12643.659988 0.000000
13371.539919 0.000000
14102.573533 0.000000
14836.930667 0.000000
15574.781251 0.000000
16316.295303 0.000000
17061.642931 0.000000
2445.732819 0.000000
2445.732819 0.000000
2445.732819 0.000000
2445.732819 0.000000
2445.732819 0.000000
2445.732819 0.000000
2445.732819 0.000000
2445.732819 0.000000
2445.732819 0.000000
2445.732819 0.000000
2445.732819 0.000000
2445.732819 0.000000
2445.732819 0.000000
0.000000 2946.936029
0.000000 2755.947043
0.000000 2568.808526
0.000000 2385.834892
0.000000 2207.342800
0.000000 2033.650067
0.000000 1865.074519
0.000000 1701.932775
1607.570157 0.000000
1607.570157 0.000000
1607.570157 0.000000
1607.570157 0.000000
1607.570157 0.000000
1607.570157 0.000000
1607.570157 0.000000
1607.570157 0.000000
1607.570157 0.000000
1607.570157 0.000000
1607.570157 0.000000
1607.570157 0.000000
1607.570157 0.000000
0.000000 1544.538989
0.000000 1267.182746
0.000000 1012.898082
0.000000 783.556619
0.000000 580.904504
0.000000 406.531186
0.000000 261.839669
0.000000 148.019212
0.000000 66.021459
0.000000 16.540838
0.000000 0.000000
0.000000 0.000000
0.000000 0.000000
0.000000 0.000000
0.000000 0.000000
0.000000 0.000000
0.000000 0.000000
0.000000 0.000000
0.000000 0.000000
0.000000 0.000000
0.000000 0.000000
0.000000 0.000000
0.000000 0.000000
0.000000 0.000000
0.000000 0.000000
0.000000 0.000000
0.000000 0.000000
0.000000 0.000000
0.000000 0.000000
0.000000 0.000000
4056.911570 0.000000
6663.699397 0.000000
8473.746102 0.000000
10287.065497 0.000000
668.866778 0.000000
668.866778 0.000000
668.866778 0.000000
668.866778 0.000000
668.866778 0.000000
668.866778 0.000000
668.866778 0.000000
668.866778 0.000000
0.000000 300.077738
0.000000 192.952543
0.000000 108.934089
0.000000 48.542388
0.000000 12.154763
0.000000 0.000000
0.000000 0.000000
0.000000 0.000000
0.000000 0.000000
0.000000 0.000000
0.000000 0.000000
0.000000 0.000000
0.000000 0.000000
0.000000 0.000000
0.000000 0.000000
0.000000 0.000000
0.000000 0.000000
0.000000 0.000000
0.000000 0.000000
0.000000 0.000000
0.000000 0.000000
0.000000 0.000000
0.000000 0.000000
0.000000 0.000000
0.000000 0.000000
2954.152852 0.000000
4977.010392 0.000000
6314.172207 0.000000
7653.407443 0.000000
8995.186995 0.000000
712.500821 0.000000
712.500821 0.000000
10339.982125 0.000000
11688.264461 0.000000
13040.505999 0.000000
14397.179099 0.000000
15758.756493 0.000000
1455.943472 0.000000
1455.943472 0.000000
1455.943472 0.000000
1455.943472 0.000000
1455.943472 0.000000
1455.943472 0.000000
1455.943472 0.000000
1455.943472 0.000000
1455.943472 0.000000
1455.943472 0.000000
1455.943472 0.000000
1455.943472 0.000000
1455.943472 0.000000
1455.943472 0.000000
1455.943472 0.000000
1455.943472 0.000000
1455.943472 0.000000
1455.943472 0.000000
1455.943472 0.000000
1455.943472 0.000000
1455.943472 0.000000
1455.943472 0.000000
1455.943472 0.000000
1455.943472 0.000000
1455.943472 0.000000
0.000000 1305.437492
0.000000 1068.887011
0.000000 852.839047
0.000000 658.657037
0.000000 487.601681
0.000000 340.811505
0.000000 219.284629
0.000000 123.862270
0.000000 55.214456
0.000000 13.828416
0.000000 0.000000
0.000000 0.000000
0.000000 0.000000
0.000000 0.000000
0.000000 0.000000
0.000000 0.000000
0.000000 0.000000
0.000000 0.000000
0.000000 0.000000
0.000000 0.000000
0.000000 0.000000
0.000000 0.000000
0.000000 0.000000
0.000000 0.000000
0.000000 0.000000
0.000000 0.000000
0.000000 0.000000
0.000000 0.000000
0.000000 0.000000
0.000000 0.000000
0.000000 0.000000
1490.141991 0.000000
2689.580099 0.000000
3391.091636 0.000000
4093.388464 0.000000
4796.639177 0.000000
5501.012457 0.000000
609.760545 0.000000
609.760545 0.000000
6206.677075 0.000000
6913.801890 0.000000
7622.555852 0.000000
8333.107998 0.000000
9045.627452 0.000000
9760.283430 0.000000
10477.245236 0.000000
11196.682261 0.000000
11918.763988 0.000000
1561.132104 0.000000
1561.132104 0.000000
12643.659988 0.000000
13371.539919 0.000000
14102.573533 0.000000
14836.930667 0.000000
15574.781251 0.000000
16316.295303 0.000000
17061.642931 0.000000
2445.732819 0.000000
2445.732819 0.000000
2445.732819 0.000000
2445.732819 0.000000
2445.732819 0.000000
2445.732819 0.000000
2445.732819 0.000000
2445.732819 0.000000
2445.732819 0.000000
2445.732819 0.000000
2445.732819 0.000000
2445.732819 0.000000
2445.732819 0.000000
0.000000 2946.936029
0.000000 2755.947043
0.000000 2568.808526
0.000000 2385.834892
0.000000 2207.342800
0.000000 2033.650067
0.000000 1865.074519
0.000000 1701.932775
1607.570157 0.000000
1607.570157 0.000000
1607.570157 0.000000
1607.570157 0.000000
1607.570157 0.000000
1607.570157 0.000000
1607.570157 0.000000
1607.570157 0.000000
1607.570157 0.000000
1607.570157 0.000000
1607.570157 0.000000
1607.570157 0.000000
1607.570157 0.000000
0.000000 1544.538989
0.000000 1267.182746
0.000000 1012.898082
0.000000 783.556619
0.000000 580.904504
0.000000 406.531186
0.000000 261.839669
0.000000 148.019212
0.000000 66.021459
0.000000 16.540838
0.000000 0.000000
0.000000 0.000000
0.000000 0.000000
0.000000 0.000000
0.000000 0.000000
0.000000 0.000000
0.000000 0.000000
0.000000 0.000000
0.000000 0.000000
0.000000 0.000000
0.000000 0.000000
0.000000 0.000000
0.000000 0.000000
0.000000 0.000000
0.000000 0.000000
0.000000 0.000000
0.000000 0.000000
0.000000 0.000000
0.000000 0.000000
0.000000 0.000000
0.000000 0.000000
0.000000 0.000000
0.000000 0.000000
0.000000 0.000000
0.000000 0.000000
0.000000 0.000000
0.000000 0.000000
0.000000 0.000000
0.000000 0.000000
1153.965958 0.000000
2149.691561 0.000000
2702.824529 0.000000
3256.506784 0.000000
3810.853200 0.000000
454.109150 0.000000
454.109150 0.000000
4365.978699 0.000000
4921.998258 0.000000
5479.026906 0.000000
6037.179724 0.000000
6596.571846 0.000000
7157.318457 0.000000
7719.534796 0.000000
8283.336154 0.000000
8848.837874 0.000000
9416.155351 0.000000
1357.341412 0.000000
1357.341412 0.000000
9985.404035 0.000000
10556.699425 0.000000
11130.157076 0.000000
11705.892594 0.000000
12284.021638 0.000000
12864.659920 0.000000
13447.923205 0.000000
14033.927311 0.000000
14622.788110 0.000000
2325.268532 0.000000
2325.268532 0.000000
15214.621524 0.000000
15809.543532 0.000000
16407.670164 0.000000
17009.117505 0.000000
17614.001692 0.000000
18222.438915 0.000000
18834.545421 0.000000
19450.437508 0.000000
20070.231528 0.000000
20694.043889 0.000000
21321.991050 0.000000
3834.956266 0.000000
3834.956266 0.000000
3834.956266 0.000000
3834.956266 0.000000
3834.956266 0.000000
3834.956266 0.000000
3834.956266 0.000000
3834.956266 0.000000
3834.956266 0.000000
3834.956266 0.000000
3834.956266 0.000000
3834.956266 0.000000
3834.956266 0.000000
3834.956266 0.000000
3834.956266 0.000000
3834.956266 0.000000
3834.956266 0.000000
3834.956266 0.000000
3834.956266 0.000000
3834.956266 0.000000
3834.956266 0.000000
3834.956266 0.000000
3834.956266 0.000000
3834.956266 0.000000
3834.956266 0.000000
3834.956266 0.000000
3834.956266 0.000000
3834.956266 0.000000
3834.956266 0.000000
3834.956266 0.000000
3834.956266 0.000000
3834.956266 0.000000
3834.956266 0.000000
3834.956266 0.000000
3834.956266 0.000000
3834.956266 0.000000
3834.956266 0.000000
3834.956266 0.000000
3834.956266 0.000000
3834.956266 0.000000
3834.956266 0.000000
3834.956266 0.000000
3834.956266 0.000000
3834.956266 0.000000
3834.956266 0.000000
3834.956266 0.000000
3834.956266 0.000000
3834.956266 0.000000
3834.956266 0.000000
3834.956266 0.000000
0.000000 5145.514134
0.000000 4860.531236
0.000000 4577.213503
0.000000 4296.145849
0.000000 4017.941785
0.000000 3743.241897
0.000000 3472.711924
0.000000 3207.040426
2445.732819 0.000000
2445.732819 0.000000
2445.732819 0.000000
2445.732819 0.000000
2445.732819 0.000000
2445.732819 0.000000
2445.732819 0.000000
2445.732819 0.000000
2445.732819 0.000000
2445.732819 0.000000
2445.732819 0.000000
2445.732819 0.000000
2445.732819 0.000000
2445.732819 0.000000
2445.732819 0.000000
2445.732819 0.000000
2445.732819 0.000000
2445.732819 0.000000
2445.732819 0.000000
2445.732819 0.000000
2445.732819 0.000000
2445.732819 0.000000
2445.732819 0.000000
2445.732819 0.000000
2445.732819 0.000000
2445.732819 0.000000
2445.732819 0.000000
2445.732819 0.000000
2445.732819 0.000000
2445.732819 0.000000
2445.732819 0.000000
2445.732819 0.000000
2445.732819 0.000000
2445.732819 0.000000
2445.732819 0.000000
2445.732819 0.000000
2445.732819 0.000000
2445.732819 0.000000
2445.732819 0.000000
2445.732819 0.000000
2445.732819 0.000000
2445.732819 0.000000
2445.732819 0.000000
2445.732819 0.000000
2445.732819 0.000000
2445.732819 0.000000
2445.732819 0.000000
2445.732819 0.000000
2445.732819 0.000000
2445.732819 0.000000
2445.732819 0.000000
2445.732819 0.000000
2445.732819 0.000000
2445.732819 0.000000
2445.732819 0.000000
2445.732819 0.000000
2445.732819 0.000000
2445.732819 0.000000
2445.732819 0.000000
2445.732819 0.000000
2445.732819 0.000000
2445.732819 0.000000
2445.732819 0.000000
2445.732819 0.000000
2445.732819 0.000000
2445.732819 0.000000
2445.732819 0.000000
2445.732819 0.000000
2445.732819 0.000000
2445.732819 0.000000
13421.703448 0.000000
13853.974914 0.000000
14288.515619 0.000000
14725.392749 0.000000
15164.673516 0.000000
15606.425156 0.000000
16050.714933 0.000000
16497.610135 0.000000
16947.178074 0.000000
17399.486091 0.000000
17854.601549 0.000000
18312.591840 0.000000
3834.956266 0.000000
3834.956266 0.000000
3834.956266 0.000000
3834.956266 0.000000
3834.956266 0.000000
3834.956266 0.000000
3834.956266 0.000000
3834.956266 0.000000
3834.956266 0.000000
3834.956266 0.000000
3834.956266 0.000000
3834.956266 0.000000
3834.956266 0.000000
3834.956266 0.000000
3834.956266 0.000000
3834.956266 0.000000
3834.956266 0.000000
3834.956266 0.000000
3834.956266 0.000000
3834.956266 0.000000
3834.956266 0.000000
3834.956266 0.000000
3834.956266 0.000000
3834.956266 0.000000
3834.956266 0.000000
3834.956266 0.000000
3834.956266 0.000000
3834.956266 0.000000
3834.956266 0.000000
3834.956266 0.000000
3834.956266 0.000000
3834.956266 0.000000
3834.956266 0.000000
3834.956266 0.000000
3834.956266 0.000000
3834.956266 0.000000
3834.956266 0.000000
3834.956266 0.000000
3834.956266 0.000000
3834.956266 0.000000
3834.956266 0.000000
3834.956266 0.000000
3834.956266 0.000000
3834.956266 0.000000
3834.956266 0.000000
3834.956266 0.000000
3834.956266 0.000000
3834.956266 0.000000
3834.956266 0.000000
3834.956266 0.000000
11543.314273 0.000000
11706.088867 0.000000
11869.701732 0.000000
12034.162872 0.000000
12199.482296 0.000000
12365.670010 0.000000
12532.736027 0.000000
12700.690359 0.000000
12869.543020 0.000000
13039.304027 0.000000
13209.983399 0.000000
13381.591157 0.000000
13554.137322 0.000000
13727.631919 0.000000
13902.084975 0.000000
14077.506518 0.000000
14253.906578 0.000000
14431.295188 0.000000
14609.682382 0.000000
14789.078197 0.000000
14969.492669 0.000000
15150.935841 0.000000
15333.417754 0.000000
15516.948452 0.000000
15701.537981 0.000000
15887.196390 0.000000
16073.933730 0.000000
16261.760051 0.000000
16450.685408 0.000000
16640.719859 0.000000
16831.873460 0.000000
17024.156272 0.000000
17217.578357 0.000000
17412.149780 0.000000
6736.838914 0.000000
6736.838914 0.000000
6736.838914 0.000000
6736.838914 0.000000
6736.838914 0.000000
6736.838914 0.000000
6736.838914 0.000000
6736.838914 0.000000
6736.838914 0.000000
6736.838914 0.000000
6736.838914 0.000000
6736.838914 0.000000
6736.838914 0.000000
6736.838914 0.000000
6736.838914 0.000000
6736.838914 0.000000
6736.838914 0.000000
6736.838914 0.000000
6736.838914 0.000000
6736.838914 0.000000
6736.838914 0.000000
6736.838914 0.000000
6736.838914 0.000000
6736.838914 0.000000
6736.838914 0.000000
6736.838914 0.000000
6736.838914 0.000000
6736.838914 0.000000
6736.838914 0.000000
6736.838914 0.000000
6736.838914 0.000000
19757.810494 0.000000
20014.334575 0.000000
20272.544925 0.000000
20532.458651 0.000000
20794.092863 0.000000
21057.464676 0.000000
21322.591208 0.000000
21589.489583 0.000000
21858.176927 0.000000
22128.670373 0.000000
22400.987055 0.000000
22675.144112 0.000000
22951.158690 0.000000
23229.047937 0.000000
23508.829004 0.000000
23790.519048 0.000000
24074.135231 0.000000
24359.694716 0.000000
24647.214675 0.000000
9386.748483 0.000000
9386.748483 0.000000
9386.748483 0.000000
9386.748483 0.000000
9386.748483 0.000000
9386.748483 0.000000
9386.748483 0.000000
9386.748483 0.000000
9386.748483 0.000000
9386.748483 0.000000
9386.748483 0.000000
0.000000 10559.166634
0.000000 10207.550896
0.000000 9847.393952
0.000000 9478.945187
0.000000 9102.529624
0.000000 8718.555901
0.000000 8327.524431
0.000000 7930.035611
0.000000 7526.797894
0.000000 7118.635539
0.000000 6706.495767
0.000000 6291.455060
0.000000 5874.724265
0.000000 5457.652148
0.000000 5041.727013
0.000000 4628.575984
0.000000 4219.961546
0.000000 3817.774948
0.000000 3424.026127
0.000000 3040.829856
0.000000 2670.387916
0.000000 2314.967224
0.000000 1976.873969
0.000000 1658.424014
0.000000 1361.909968
0.000000 1089.565586
0.000000 843.528287
0.000000 625.800802
0.000000 438.213099
0.000000 282.385822
0.000000 159.696534
0.000000 71.250021
0.000000 17.853827
0.000000 0.000000
0.000000 0.000000
0.000000 0.000000
0.000000 0.000000
0.000000 0.000000
0.000000 0.000000
0.000000 0.000000
0.000000 0.000000
0.000000 0.000000
0.000000 0.000000
0.000000 0.000000
0.000000 0.000000
0.000000 0.000000
0.000000 0.000000
0.000000 0.000000
0.000000 0.000000
0.000000 0.000000
0.000000 0.000000
0.000000 0.000000
0.000000 0.000000
0.000000 0.000000
0.000000 0.000000
