1.000000 0.000000
2.000000 0.000000
3.000000 0.000000
4.000000 0.000000
5.000000 0.000000
6.000000 0.000000
7.000000 0.000000
8.000000 0.000000
9.000000 0.000000
10.000000 0.000000
11.000000 0.000000
12.000000 0.000000
13.000000 0.000000
14.000000 0.000000
15.000000 0.000000
16.000000 0.000000
17.000000 0.000000
18.000000 0.000000
19.000000 0.000000
20.000000 0.000000
21.000000 0.000000
22.000000 4.828020
23.000000 9.495106
24.000000 13.840324
25.000000 18.507410
26.000000 23.013562
27.000000 27.197846
28.000000 27.841582
29.000000 29.129054
30.000000 33.313338
31.000000 34.922678
32.000000 36.049216
33.000000 36.210150
34.000000 35.566414
35.000000 34.600810
36.000000 33.635206
37.000000 32.830536
38.000000 31.864932
39.000000 27.358780
40.000000 23.979166
41.000000 23.979166
42.000000 24.461968
43.000000 24.944770
44.000000 25.749440
45.000000 27.519714
46.000000 30.738394
47.000000 33.957074
48.000000 36.532018
49.000000 36.853886
50.000000 36.532018
51.000000 36.371084
52.000000 34.278942
53.000000 30.577460
54.000000 27.519714
55.000000 25.427572
56.000000 25.427572
57.000000 28.485318
58.000000 31.864932
59.000000 34.761744
60.000000 37.336688
61.000000 38.946028
62.000000 39.589764
63.000000 40.072566
64.000000 40.233500
65.000000 39.589764
66.000000 39.428830
67.000000 39.750698
68.000000 39.911632
69.000000 39.750698
70.000000 39.589764
71.000000 39.589764
72.000000 40.394434
73.000000 41.199104
74.000000 41.360038
75.000000 40.877236
76.000000 40.072566
77.000000 40.233500
78.000000 40.877236
79.000000 41.842840
80.000000 41.842840
81.000000 41.360038
82.000000 42.003774
83.000000 42.969378
84.000000 44.256850
85.000000 46.027124
86.000000 47.153662
87.000000 47.958332
88.000000 48.441134
89.000000 48.923936
90.000000 49.406738
91.000000 49.406738
92.000000 49.084870
93.000000 48.923936
94.000000 48.763002
95.000000 48.923936
96.000000 49.567672
97.000000 48.923936
98.000000 48.119266
99.000000 47.475530
100.000000 47.958332
101.000000 48.763002
102.000000 49.406738
103.000000 49.728606
104.000000 49.889540
105.000000 49.728606
106.000000 48.923936
107.000000 47.958332
108.000000 48.119266
109.000000 48.602068
110.000000 49.406738
111.000000 50.211408
112.000000 51.177012
113.000000 51.820748
114.000000 52.142616
115.000000 51.820748
116.000000 51.016078
117.000000 46.027124
118.000000 40.716302
119.000000 35.405480
120.000000 30.094658
121.000000 24.783836
122.000000 19.473014
123.000000 14.162192
124.000000 8.851370
125.000000 3.540548
126.000000 0.000000
127.000000 0.000000
128.000000 0.000000
129.000000 0.000000
130.000000 0.000000
131.000000 0.000000
132.000000 0.000000
133.000000 0.000000
134.000000 0.000000
135.000000 0.000000
136.000000 0.000000
137.000000 0.000000
138.000000 0.000000
139.000000 0.000000
140.000000 0.000000
141.000000 0.000000
142.000000 0.000000
143.000000 0.000000
144.000000 0.000000
145.000000 0.000000
146.000000 0.000000
147.000000 0.000000
148.000000 0.000000
149.000000 0.000000
150.000000 0.000000
151.000000 0.000000
152.000000 0.000000
153.000000 0.000000
154.000000 0.000000
155.000000 0.000000
156.000000 0.000000
157.000000 0.000000
158.000000 0.000000
159.000000 0.000000
160.000000 0.000000
161.000000 0.000000
162.000000 0.000000
163.000000 0.000000
164.000000 0.000000
165.000000 5.310822
166.000000 10.621644
167.000000 15.932466
168.000000 21.243288
169.000000 26.554110
170.000000 31.864932
171.000000 35.727348
172.000000 39.106962
173.000000 41.520972
174.000000 42.486576
175.000000 41.360038
176.000000 40.394434
177.000000 39.750698
178.000000 40.233500
179.000000 40.555368
180.000000 40.877236
181.000000 41.520972
182.000000 43.774048
183.000000 42.647510
184.000000 38.624160
185.000000 36.532018
186.000000 31.221196
187.000000 28.485318
188.000000 27.680648
189.000000 29.129054
190.000000 29.933724
191.000000 32.186800
192.000000 35.727348
193.000000 39.428830
194.000000 43.934982
195.000000 49.084870
196.000000 53.912890
197.000000 58.258108
198.000000 60.028382
199.000000 63.247062
200.000000 65.178270
201.000000 67.753214
202.000000 70.006290
203.000000 72.581234
204.000000 74.029640
205.000000 75.317112
206.000000 76.443650
207.000000 76.443650
208.000000 76.121782
209.000000 75.960848
210.000000 75.638980
211.000000 75.638980
212.000000 75.638980
213.000000 75.638980
214.000000 75.638980
215.000000 75.960848
216.000000 76.282716
217.000000 77.087386
218.000000 78.052990
219.000000 79.018594
220.000000 79.662330
221.000000 80.467000
222.000000 81.432604
223.000000 82.076340
224.000000 82.881010
225.000000 84.007548
226.000000 85.616888
227.000000 87.065294
228.000000 87.869964
229.000000 88.352766
230.000000 88.513700
231.000000 88.352766
232.000000 87.869964
233.000000 87.869964
234.000000 88.191832
235.000000 88.674634
236.000000 89.318370
237.000000 89.640238
238.000000 90.283974
239.000000 90.605842
240.000000 91.088644
241.000000 91.249578
242.000000 91.249578
243.000000 90.927710
244.000000 90.927710
245.000000 90.927710
246.000000 90.927710
247.000000 90.927710
248.000000 90.927710
249.000000 90.766776
250.000000 90.283974
251.000000 89.801172
252.000000 88.674634
253.000000 87.869964
254.000000 87.226228
255.000000 86.904360
256.000000 86.421558
257.000000 86.260624
258.000000 86.743426
259.000000 86.904360
260.000000 87.065294
261.000000 87.065294
262.000000 86.582492
263.000000 85.938756
264.000000 85.295020
265.000000 84.651284
266.000000 83.846614
267.000000 84.329416
268.000000 83.685680
269.000000 83.524746
270.000000 83.202878
271.000000 82.881010
272.000000 83.041944
273.000000 83.363812
274.000000 83.846614
275.000000 84.490350
276.000000 85.295020
277.000000 86.099690
278.000000 86.904360
279.000000 88.352766
280.000000 89.157436
281.000000 89.479304
282.000000 90.123040
283.000000 90.123040
284.000000 89.801172
285.000000 88.835568
286.000000 87.709030
287.000000 86.260624
288.000000 84.490350
289.000000 82.881010
290.000000 82.881010
291.000000 82.881010
292.000000 82.237274
293.000000 80.627934
294.000000 80.467000
295.000000 80.627934
296.000000 80.467000
297.000000 79.823264
298.000000 79.662330
299.000000 79.662330
300.000000 79.662330
301.000000 79.018594
302.000000 78.213924
303.000000 77.409254
304.000000 75.960848
305.000000 74.190574
306.000000 72.420300
307.000000 70.489092
308.000000 68.557884
309.000000 66.787610
310.000000 64.856402
311.000000 61.959590
312.000000 59.545580
313.000000 56.648768
314.000000 54.395692
315.000000 52.303550
316.000000 50.694210
317.000000 49.245804
318.000000 49.084870
319.000000 48.280200
320.000000 46.670860
321.000000 44.256850
322.000000 39.911632
323.000000 34.600810
324.000000 32.347734
325.000000 30.738394
326.000000 29.772790
327.000000 27.358780
328.000000 24.944770
329.000000 20.116750
330.000000 17.380872
331.000000 12.874720
332.000000 7.563898
333.000000 2.253076
334.000000 0.000000
335.000000 0.000000
336.000000 0.000000
337.000000 0.000000
338.000000 0.000000
339.000000 0.000000
340.000000 0.000000
341.000000 0.000000
342.000000 0.000000
343.000000 0.000000
344.000000 0.000000
345.000000 0.000000
346.000000 0.000000
347.000000 0.000000
348.000000 1.609340
349.000000 6.920162
350.000000 12.230984
351.000000 17.541806
352.000000 22.852628
353.000000 27.841582
354.000000 32.186800
355.000000 36.210150
356.000000 38.141358
357.000000 40.555368
358.000000 42.808444
359.000000 45.222454
360.000000 48.280200
361.000000 49.567672
362.000000 50.855144
363.000000 51.659814
364.000000 52.786352
365.000000 54.073824
366.000000 55.522230
367.000000 55.683164
368.000000 56.165966
369.000000 56.005032
370.000000 55.522230
371.000000 55.844098
372.000000 57.131570
373.000000 57.936240
374.000000 57.936240
375.000000 57.936240
376.000000 57.936240
377.000000 57.936240
378.000000 57.936240
379.000000 58.097174
380.000000 58.579976
381.000000 58.740910
382.000000 58.579976
383.000000 57.936240
384.000000 56.487834
385.000000 54.878494
386.000000 53.912890
387.000000 50.533276
388.000000 46.670860
389.000000 41.360038
390.000000 37.014820
391.000000 32.669602
392.000000 28.163450
393.000000 23.335430
394.000000 19.312080
395.000000 14.001258
396.000000 8.690436
397.000000 3.379614
398.000000 0.000000
399.000000 0.000000
400.000000 0.000000
401.000000 0.000000
402.000000 0.000000
403.000000 0.000000
404.000000 4.184284
405.000000 9.495106
406.000000 14.805928
407.000000 20.116750
408.000000 25.427572
409.000000 30.738394
410.000000 36.049216
411.000000 40.233500
412.000000 41.199104
413.000000 44.256850
414.000000 46.670860
415.000000 48.280200
416.000000 48.441134
417.000000 48.280200
418.000000 47.797398
419.000000 47.153662
420.000000 46.348992
421.000000 45.061520
422.000000 40.233500
423.000000 34.922678
424.000000 29.611856
425.000000 24.301034
426.000000 18.990212
427.000000 13.679390
428.000000 8.368568
429.000000 3.057746
430.000000 0.000000
431.000000 0.000000
432.000000 0.000000
433.000000 0.000000
434.000000 0.000000
435.000000 0.000000
436.000000 0.000000
437.000000 0.000000
438.000000 0.000000
439.000000 0.000000
440.000000 0.000000
441.000000 0.000000
442.000000 0.000000
443.000000 0.000000
444.000000 0.000000
445.000000 0.000000
446.000000 0.000000
447.000000 0.000000
448.000000 0.000000
449.000000 5.310822
450.000000 10.621644
451.000000 15.932466
452.000000 21.243288
453.000000 26.554110
454.000000 31.864932
455.000000 37.175754
456.000000 42.486576
457.000000 44.739652
458.000000 46.831794
459.000000 50.694210
460.000000 53.108220
461.000000 54.073824
462.000000 56.005032
463.000000 56.487834
464.000000 57.292504
465.000000 58.097174
466.000000 57.936240
467.000000 58.097174
468.000000 58.258108
469.000000 57.936240
470.000000 57.453438
471.000000 57.936240
472.000000 57.936240
473.000000 57.292504
474.000000 57.131570
475.000000 56.970636
476.000000 56.648768
477.000000 56.648768
478.000000 56.648768
479.000000 56.648768
480.000000 56.648768
481.000000 56.648768
482.000000 56.326900
483.000000 56.487834
484.000000 56.648768
485.000000 57.131570
486.000000 56.648768
487.000000 56.326900
488.000000 56.326900
489.000000 56.326900
490.000000 56.005032
491.000000 55.683164
492.000000 55.522230
493.000000 53.912890
494.000000 51.498880
495.000000 48.441134
496.000000 45.061520
497.000000 41.038170
498.000000 36.210150
499.000000 31.864932
500.000000 26.554110
501.000000 21.243288
502.000000 16.576202
503.000000 11.587248
504.000000 6.437360
505.000000 1.609340
506.000000 0.000000
507.000000 0.000000
508.000000 0.000000
509.000000 0.000000
510.000000 0.000000
511.000000 0.000000
512.000000 1.931208
513.000000 5.632690
514.000000 8.851370
515.000000 10.460710
516.000000 13.679390
517.000000 15.449664
518.000000 16.898070
519.000000 19.151146
520.000000 22.530760
521.000000 25.749440
522.000000 28.485318
523.000000 30.577460
524.000000 32.347734
525.000000 33.796140
526.000000 35.405480
527.000000 37.014820
528.000000 38.302292
529.000000 39.428830
530.000000 40.072566
531.000000 40.233500
532.000000 40.233500
533.000000 40.233500
534.000000 40.233500
535.000000 40.233500
536.000000 40.233500
537.000000 41.199104
538.000000 41.520972
539.000000 41.842840
540.000000 41.199104
541.000000 40.555368
542.000000 40.233500
543.000000 40.233500
544.000000 40.233500
545.000000 39.267896
546.000000 37.175754
547.000000 31.864932
548.000000 26.554110
549.000000 21.243288
550.000000 15.932466
551.000000 10.621644
552.000000 5.310822
553.000000 0.000000
554.000000 0.000000
555.000000 0.000000
556.000000 0.000000
557.000000 0.000000
558.000000 0.000000
559.000000 0.000000
560.000000 0.000000
561.000000 0.000000
562.000000 0.000000
563.000000 0.000000
564.000000 0.000000
565.000000 0.000000
566.000000 0.000000
567.000000 0.000000
568.000000 0.000000
569.000000 0.000000
570.000000 5.310822
571.000000 10.621644
572.000000 15.932466
573.000000 20.921420
574.000000 23.496364
575.000000 25.749440
576.000000 27.358780
577.000000 27.358780
578.000000 27.358780
579.000000 28.163450
580.000000 28.485318
581.000000 28.485318
582.000000 28.163450
583.000000 27.358780
584.000000 27.197846
585.000000 26.715044
586.000000 27.358780
587.000000 27.519714
588.000000 27.358780
589.000000 26.715044
590.000000 26.554110
591.000000 26.554110
592.000000 26.715044
593.000000 27.358780
594.000000 28.324384
595.000000 29.772790
596.000000 30.899328
597.000000 32.508668
598.000000 33.796140
599.000000 33.957074
600.000000 34.118008
601.000000 34.761744
602.000000 35.405480
603.000000 36.049216
604.000000 36.210150
605.000000 36.210150
606.000000 36.210150
607.000000 36.532018
608.000000 38.141358
609.000000 40.394434
610.000000 41.842840
611.000000 42.647510
612.000000 43.452180
613.000000 42.003774
614.000000 36.692952
615.000000 31.382130
616.000000 26.071308
617.000000 20.760486
618.000000 15.449664
619.000000 10.138842
620.000000 4.828020
621.000000 0.000000
622.000000 0.000000
623.000000 0.000000
624.000000 0.000000
625.000000 0.000000
626.000000 0.000000
627.000000 0.000000
628.000000 0.000000
629.000000 0.000000
630.000000 0.000000
631.000000 0.000000
632.000000 0.000000
633.000000 0.000000
634.000000 0.000000
635.000000 0.000000
636.000000 0.000000
637.000000 0.000000
638.000000 0.000000
639.000000 0.000000
640.000000 0.000000
641.000000 0.000000
642.000000 0.000000
643.000000 0.000000
644.000000 0.000000
645.000000 0.000000
646.000000 0.000000
647.000000 3.218680
648.000000 7.242030
649.000000 12.552852
650.000000 16.415268
651.000000 20.116750
652.000000 22.530760
653.000000 24.622902
654.000000 28.163450
655.000000 31.543064
656.000000 33.796140
657.000000 35.727348
658.000000 37.497622
659.000000 39.428830
660.000000 40.716302
661.000000 41.199104
662.000000 41.842840
663.000000 42.003774
664.000000 42.164708
665.000000 42.164708
666.000000 42.486576
667.000000 42.647510
668.000000 42.647510
669.000000 41.842840
670.000000 41.038170
671.000000 37.980424
672.000000 34.439876
673.000000 29.772790
674.000000 26.393176
675.000000 23.335430
676.000000 18.668344
677.000000 14.001258
678.000000 9.334172
679.000000 5.632690
680.000000 3.218680
681.000000 0.000000
682.000000 0.000000
683.000000 0.000000
684.000000 0.000000
685.000000 0.000000
686.000000 0.000000
687.000000 0.000000
688.000000 0.000000
689.000000 0.000000
690.000000 0.000000
691.000000 0.000000
692.000000 0.000000
693.000000 0.000000
694.000000 0.000000
695.000000 2.253076
696.000000 5.310822
697.000000 7.081096
698.000000 10.460710
699.000000 14.805928
700.000000 18.185542
701.000000 21.726090
702.000000 23.496364
703.000000 26.393176
704.000000 26.875978
705.000000 26.554110
706.000000 26.554110
707.000000 29.289988
708.000000 30.899328
709.000000 32.347734
710.000000 34.600810
711.000000 36.210150
712.000000 36.210150
713.000000 35.566414
714.000000 36.532018
715.000000 37.497622
716.000000 37.819490
717.000000 36.210150
718.000000 34.761744
719.000000 32.991470
720.000000 28.968120
721.000000 24.140100
722.000000 19.312080
723.000000 14.484060
724.000000 9.977908
725.000000 7.242030
726.000000 4.828020
727.000000 3.379614
728.000000 0.804670
729.000000 0.804670
730.000000 5.149888
731.000000 10.460710
732.000000 15.449664
733.000000 20.116750
734.000000 22.530760
735.000000 25.749440
736.000000 28.968120
737.000000 31.543064
738.000000 34.600810
739.000000 37.175754
740.000000 39.428830
741.000000 41.038170
742.000000 42.647510
743.000000 43.613114
744.000000 44.417784
745.000000 44.900586
746.000000 45.544322
747.000000 46.027124
748.000000 46.027124
749.000000 45.544322
750.000000 45.383388
751.000000 45.061520
752.000000 44.256850
753.000000 43.130312
754.000000 41.038170
755.000000 37.819490
756.000000 34.600810
757.000000 30.577460
758.000000 26.554110
759.000000 23.979166
760.000000 20.116750
761.000000 15.127796
762.000000 9.977908
763.000000 4.828020
764.000000 2.414010
765.000000 2.414010
766.000000 0.804670
767.000000 0.000000
768.000000 4.828020
769.000000 10.138842
770.000000 15.449664
771.000000 20.760486
772.000000 25.427572
773.000000 28.163450
774.000000 29.611856
775.000000 31.382130
776.000000 33.313338
777.000000 35.405480
778.000000 37.336688
779.000000 40.233500
780.000000 42.647510
781.000000 44.256850
782.000000 45.061520
783.000000 45.544322
784.000000 46.509926
785.000000 46.509926
786.000000 46.509926
787.000000 46.348992
788.000000 45.866190
789.000000 45.544322
790.000000 45.544322
791.000000 45.544322
792.000000 45.383388
793.000000 44.417784
794.000000 44.256850
795.000000 44.256850
796.000000 44.256850
797.000000 44.256850
798.000000 44.256850
799.000000 44.256850
800.000000 44.417784
801.000000 45.061520
802.000000 45.866190
803.000000 48.280200
804.000000 49.889540
805.000000 51.498880
806.000000 53.108220
807.000000 53.108220
808.000000 54.073824
809.000000 54.717560
810.000000 55.200362
811.000000 55.039428
812.000000 54.717560
813.000000 54.717560
814.000000 54.556626
815.000000 54.073824
816.000000 53.269154
817.000000 53.108220
818.000000 52.303550
819.000000 51.498880
820.000000 51.337946
821.000000 50.855144
822.000000 50.694210
823.000000 49.245804
824.000000 48.280200
825.000000 48.119266
826.000000 48.119266
827.000000 48.119266
828.000000 48.119266
829.000000 47.636464
830.000000 47.475530
831.000000 47.475530
832.000000 47.153662
833.000000 46.509926
834.000000 45.383388
835.000000 44.578718
836.000000 43.452180
837.000000 41.038170
838.000000 38.141358
839.000000 35.405480
840.000000 32.991470
841.000000 30.899328
842.000000 30.899328
843.000000 32.347734
844.000000 33.635206
845.000000 34.439876
846.000000 35.405480
847.000000 36.371084
848.000000 37.336688
849.000000 38.624160
850.000000 40.233500
851.000000 41.842840
852.000000 42.808444
853.000000 42.808444
854.000000 43.130312
855.000000 43.452180
856.000000 43.774048
857.000000 44.739652
858.000000 45.222454
859.000000 46.348992
860.000000 46.509926
861.000000 46.670860
862.000000 46.831794
863.000000 46.670860
864.000000 45.222454
865.000000 44.256850
866.000000 43.452180
867.000000 41.520972
868.000000 40.233500
869.000000 39.428830
870.000000 39.911632
871.000000 40.394434
872.000000 41.038170
873.000000 41.360038
874.000000 42.164708
875.000000 43.291246
876.000000 44.256850
877.000000 44.739652
878.000000 45.705256
879.000000 46.670860
880.000000 46.992728
881.000000 46.831794
882.000000 46.670860
883.000000 46.509926
884.000000 45.866190
885.000000 45.222454
886.000000 45.061520
887.000000 45.061520
888.000000 44.417784
889.000000 43.774048
890.000000 42.808444
891.000000 43.452180
892.000000 44.256850
893.000000 44.739652
894.000000 45.061520
895.000000 44.739652
896.000000 45.061520
897.000000 45.061520
898.000000 45.061520
899.000000 44.578718
900.000000 44.095916
901.000000 43.291246
902.000000 42.808444
903.000000 42.647510
904.000000 42.647510
905.000000 42.647510
906.000000 42.325642
907.000000 42.164708
908.000000 42.164708
909.000000 41.681906
910.000000 41.199104
911.000000 41.199104
912.000000 41.681906
913.000000 41.520972
914.000000 41.038170
915.000000 39.589764
916.000000 37.819490
917.000000 35.727348
918.000000 34.761744
919.000000 34.761744
920.000000 34.922678
921.000000 36.371084
922.000000 37.658556
923.000000 38.624160
924.000000 38.946028
925.000000 39.267896
926.000000 40.072566
927.000000 40.394434
928.000000 40.555368
929.000000 40.716302
930.000000 41.038170
931.000000 40.555368
932.000000 40.233500
933.000000 40.233500
934.000000 40.233500
935.000000 39.750698
936.000000 39.428830
937.000000 39.106962
938.000000 39.106962
939.000000 39.428830
940.000000 40.233500
941.000000 40.233500
942.000000 39.589764
943.000000 39.589764
944.000000 38.785094
945.000000 39.428830
946.000000 40.394434
947.000000 41.199104
948.000000 40.394434
949.000000 38.624160
950.000000 35.405480
951.000000 32.347734
952.000000 27.197846
953.000000 21.887024
954.000000 16.576202
955.000000 11.265380
956.000000 5.954558
957.000000 0.643736
958.000000 0.000000
959.000000 0.000000
960.000000 0.000000
961.000000 3.218680
962.000000 8.529502
963.000000 13.840324
964.000000 19.151146
965.000000 24.461968
966.000000 28.163450
967.000000 29.933724
968.000000 32.186800
969.000000 33.957074
970.000000 35.405480
971.000000 37.014820
972.000000 39.428830
973.000000 42.325642
974.000000 44.256850
975.000000 45.222454
976.000000 45.705256
977.000000 45.866190
978.000000 45.866190
979.000000 45.866190
980.000000 44.578718
981.000000 44.256850
982.000000 43.774048
983.000000 43.130312
984.000000 42.647510
985.000000 41.842840
986.000000 41.360038
987.000000 40.555368
988.000000 38.624160
989.000000 35.405480
990.000000 34.600810
991.000000 34.600810
992.000000 35.083612
993.000000 36.210150
994.000000 37.014820
995.000000 36.692952
996.000000 36.692952
997.000000 37.014820
998.000000 36.532018
999.000000 36.532018
1000.000000 36.532018
1001.000000 37.819490
1002.000000 38.624160
1003.000000 39.589764
1004.000000 39.911632
1005.000000 40.394434
1006.000000 41.038170
1007.000000 41.199104
1008.000000 41.038170
1009.000000 40.233500
1010.000000 38.785094
1011.000000 38.141358
1012.000000 37.336688
1013.000000 36.853886
1014.000000 36.210150
1015.000000 35.405480
1016.000000 34.761744
1017.000000 32.991470
1018.000000 28.163450
1019.000000 22.852628
1020.000000 17.541806
1021.000000 12.230984
1022.000000 6.920162
1023.000000 1.609340
1024.000000 0.000000
1025.000000 0.000000
1026.000000 0.000000
1027.000000 0.000000
1028.000000 0.000000
1029.000000 0.000000
1030.000000 0.000000
1031.000000 0.000000
1032.000000 0.000000
1033.000000 0.000000
1034.000000 0.000000
1035.000000 0.000000
1036.000000 0.000000
1037.000000 0.000000
1038.000000 0.000000
1039.000000 0.000000
1040.000000 0.000000
1041.000000 0.000000
1042.000000 0.000000
1043.000000 0.000000
1044.000000 0.000000
1045.000000 0.000000
1046.000000 0.000000
1047.000000 0.000000
1048.000000 0.000000
1049.000000 0.000000
1050.000000 0.000000
1051.000000 0.000000
1052.000000 0.000000
1053.000000 0.000000
1054.000000 1.931208
1055.000000 6.437360
1056.000000 11.748182
1057.000000 17.059004
1058.000000 22.369826
1059.000000 27.358780
1060.000000 29.772790
1061.000000 32.186800
1062.000000 35.083612
1063.000000 37.014820
1064.000000 38.624160
1065.000000 39.911632
1066.000000 41.199104
1067.000000 42.647510
1068.000000 43.130312
1069.000000 44.095916
1070.000000 44.900586
1071.000000 45.544322
1072.000000 45.061520
1073.000000 44.256850
1074.000000 43.452180
1075.000000 43.452180
1076.000000 42.325642
1077.000000 39.428830
1078.000000 36.210150
1079.000000 34.600810
1080.000000 33.152404
1081.000000 28.968120
1082.000000 24.140100
1083.000000 19.794882
1084.000000 17.863674
1085.000000 17.059004
1086.000000 16.093400
1087.000000 15.288730
1088.000000 14.644994
1089.000000 14.001258
1090.000000 13.840324
1091.000000 14.162192
1092.000000 14.484060
1093.000000 14.001258
1094.000000 13.840324
1095.000000 12.874720
1096.000000 11.265380
1097.000000 8.046700
1098.000000 6.759228
1099.000000 4.184284
1100.000000 1.609340
1101.000000 0.000000
1102.000000 0.160934
1103.000000 0.965604
1104.000000 2.574944
1105.000000 5.793624
1106.000000 11.104446
1107.000000 16.093400
1108.000000 20.599552
1109.000000 22.530760
1110.000000 23.335430
1111.000000 25.749440
1112.000000 29.129054
1113.000000 32.186800
1114.000000 33.796140
1115.000000 34.118008
1116.000000 34.278942
1117.000000 34.439876
1118.000000 34.922678
1119.000000 36.210150
1120.000000 37.014820
1121.000000 38.302292
1122.000000 39.428830
1123.000000 40.233500
1124.000000 40.072566
1125.000000 39.911632
1126.000000 40.233500
1127.000000 40.877236
1128.000000 41.520972
1129.000000 41.842840
1130.000000 42.486576
1131.000000 42.808444
1132.000000 43.291246
1133.000000 43.452180
1134.000000 43.452180
1135.000000 43.452180
1136.000000 43.291246
1137.000000 43.130312
1138.000000 43.130312
1139.000000 42.647510
1140.000000 42.486576
1141.000000 41.842840
1142.000000 41.038170
1143.000000 39.589764
1144.000000 37.819490
1145.000000 34.600810
1146.000000 32.186800
1147.000000 28.163450
1148.000000 25.749440
1149.000000 22.530760
1150.000000 17.219938
1151.000000 11.909116
1152.000000 6.598294
1153.000000 1.287472
1154.000000 0.000000
1155.000000 0.000000
1156.000000 0.000000
1157.000000 0.000000
1158.000000 0.000000
1159.000000 0.000000
1160.000000 0.000000
1161.000000 0.000000
1162.000000 0.000000
1163.000000 0.000000
1164.000000 0.000000
1165.000000 0.000000
1166.000000 0.000000
1167.000000 0.000000
1168.000000 0.000000
1169.000000 0.000000
1170.000000 3.379614
1171.000000 8.690436
1172.000000 14.001258
1173.000000 19.312080
1174.000000 24.622902
1175.000000 29.933724
1176.000000 33.957074
1177.000000 37.014820
1178.000000 37.819490
1179.000000 37.014820
1180.000000 36.210150
1181.000000 32.186800
1182.000000 26.875978
1183.000000 21.565156
1184.000000 16.254334
1185.000000 10.943512
1186.000000 5.632690
1187.000000 0.321868
1188.000000 0.000000
1189.000000 0.000000
1190.000000 0.000000
1191.000000 0.000000
1192.000000 0.000000
1193.000000 0.000000
1194.000000 0.000000
1195.000000 0.000000
1196.000000 0.000000
1197.000000 0.000000
1198.000000 0.321868
1199.000000 2.414010
1200.000000 5.632690
1201.000000 10.460710
1202.000000 15.771532
1203.000000 19.312080
1204.000000 20.760486
1205.000000 20.921420
1206.000000 20.277684
1207.000000 20.599552
1208.000000 21.082354
1209.000000 21.082354
1210.000000 22.530760
1211.000000 24.944770
1212.000000 27.358780
1213.000000 29.933724
1214.000000 31.703998
1215.000000 33.796140
1216.000000 34.600810
1217.000000 35.083612
1218.000000 35.083612
1219.000000 34.600810
1220.000000 34.118008
1221.000000 34.600810
1222.000000 35.083612
1223.000000 35.405480
1224.000000 35.244546
1225.000000 34.922678
1226.000000 34.600810
1227.000000 34.600810
1228.000000 34.439876
1229.000000 32.347734
1230.000000 31.382130
1231.000000 30.899328
1232.000000 31.543064
1233.000000 31.864932
1234.000000 32.186800
1235.000000 31.382130
1236.000000 28.163450
1237.000000 24.944770
1238.000000 20.921420
1239.000000 16.093400
1240.000000 12.874720
1241.000000 9.656040
1242.000000 6.437360
1243.000000 4.023350
1244.000000 1.126538
1245.000000 0.000000
1246.000000 0.000000
1247.000000 0.000000
1248.000000 0.000000
1249.000000 0.000000
1250.000000 0.000000
1251.000000 0.000000
1252.000000 0.000000
1253.000000 1.609340
1254.000000 1.609340
1255.000000 1.609340
1256.000000 1.609340
1257.000000 1.609340
1258.000000 2.574944
1259.000000 4.828020
1260.000000 6.437360
1261.000000 8.046700
1262.000000 10.138842
1263.000000 12.874720
1264.000000 16.093400
1265.000000 16.898070
1266.000000 15.288730
1267.000000 13.679390
1268.000000 12.230984
1269.000000 14.162192
1270.000000 17.702740
1271.000000 22.530760
1272.000000 27.358780
1273.000000 31.382130
1274.000000 33.796140
1275.000000 35.083612
1276.000000 35.727348
1277.000000 37.014820
1278.000000 37.980424
1279.000000 38.785094
1280.000000 39.428830
1281.000000 39.428830
1282.000000 38.624160
1283.000000 37.819490
1284.000000 37.819490
1285.000000 37.819490
1286.000000 37.819490
1287.000000 37.819490
1288.000000 37.819490
1289.000000 38.624160
1290.000000 38.785094
1291.000000 39.428830
1292.000000 39.750698
1293.000000 40.233500
1294.000000 40.877236
1295.000000 41.199104
1296.000000 41.360038
1297.000000 41.842840
1298.000000 42.164708
1299.000000 43.452180
1300.000000 44.739652
1301.000000 45.544322
1302.000000 46.670860
1303.000000 46.831794
1304.000000 46.670860
1305.000000 45.061520
1306.000000 39.750698
1307.000000 34.439876
1308.000000 29.129054
1309.000000 23.818232
1310.000000 18.507410
1311.000000 13.196588
1312.000000 7.885766
1313.000000 2.574944
1314.000000 0.000000
1315.000000 0.000000
1316.000000 0.000000
1317.000000 0.000000
1318.000000 0.000000
1319.000000 0.000000
1320.000000 0.000000
1321.000000 0.000000
1322.000000 0.000000
1323.000000 0.000000
1324.000000 0.000000
1325.000000 0.000000
1326.000000 0.000000
1327.000000 0.000000
1328.000000 0.000000
1329.000000 0.000000
1330.000000 0.000000
1331.000000 0.000000
1332.000000 0.000000
1333.000000 0.000000
1334.000000 0.000000
1335.000000 0.000000
1336.000000 0.000000
1337.000000 0.000000
1338.000000 0.000000
1339.000000 2.414010
1340.000000 7.724832
1341.000000 13.035654
1342.000000 18.346476
1343.000000 21.243288
1344.000000 24.301034
1345.000000 27.036912
1346.000000 29.450922
1347.000000 31.382130
1348.000000 32.669602
1349.000000 34.278942
1350.000000 35.244546
1351.000000 35.566414
1352.000000 36.049216
1353.000000 35.405480
1354.000000 34.761744
1355.000000 33.957074
1356.000000 32.991470
1357.000000 32.186800
1358.000000 31.543064
1359.000000 29.772790
1360.000000 28.163450
1361.000000 26.554110
1362.000000 24.944770
1363.000000 22.530760
1364.000000 17.702740
1365.000000 12.874720
1366.000000 8.368568
1367.000000 4.023350
1368.000000 0.000000
1369.000000 0.000000
1370.000000 0.000000
1371.000000 0.000000
1372.000000 0.000000
1373.000000 0.000000
1374.000000 0.000000
1375.000000 0.000000
1376.000000 0.000000
1377.000000 0.000000
1378.000000 0.000000
1379.000000 0.000000
1380.000000 0.000000
1381.000000 0.000000
1382.000000 0.000000
1383.000000 0.000000
1384.000000 0.000000
1385.000000 0.000000
1386.000000 0.000000
1387.000000 0.000000
1388.000000 0.000000
1389.000000 0.000000
1390.000000 0.000000
1391.000000 4.828020
1392.000000 9.495106
1393.000000 13.840324
1394.000000 18.507410
1395.000000 23.013562
1396.000000 27.197846
1397.000000 27.841582
1398.000000 29.129054
1399.000000 33.313338
1400.000000 34.922678
1401.000000 36.049216
1402.000000 36.210150
1403.000000 35.566414
1404.000000 34.600810
1405.000000 33.635206
1406.000000 32.830536
1407.000000 31.864932
1408.000000 27.358780
1409.000000 23.979166
1410.000000 23.979166
1411.000000 24.461968
1412.000000 24.944770
1413.000000 25.749440
1414.000000 27.519714
1415.000000 30.738394
1416.000000 33.957074
1417.000000 36.532018
1418.000000 36.853886
1419.000000 36.532018
1420.000000 36.371084
1421.000000 34.278942
1422.000000 30.577460
1423.000000 27.519714
1424.000000 25.427572
1425.000000 25.427572
1426.000000 28.485318
1427.000000 31.864932
1428.000000 34.761744
1429.000000 37.336688
1430.000000 38.946028
1431.000000 39.589764
1432.000000 40.072566
1433.000000 40.233500
1434.000000 39.589764
1435.000000 39.428830
1436.000000 39.750698
1437.000000 39.911632
1438.000000 39.750698
1439.000000 39.589764
1440.000000 39.589764
1441.000000 40.394434
1442.000000 41.199104
1443.000000 41.360038
1444.000000 40.877236
1445.000000 40.072566
1446.000000 40.233500
1447.000000 40.877236
1448.000000 41.842840
1449.000000 41.842840
1450.000000 41.360038
1451.000000 42.003774
1452.000000 42.969378
1453.000000 44.256850
1454.000000 46.027124
1455.000000 47.153662
1456.000000 47.958332
1457.000000 48.441134
1458.000000 48.923936
1459.000000 49.406738
1460.000000 49.406738
1461.000000 49.084870
1462.000000 48.923936
1463.000000 48.763002
1464.000000 48.923936
1465.000000 49.567672
1466.000000 48.923936
1467.000000 48.119266
1468.000000 47.475530
1469.000000 47.958332
1470.000000 48.763002
1471.000000 49.406738
1472.000000 49.728606
1473.000000 49.889540
1474.000000 49.728606
1475.000000 48.923936
1476.000000 47.958332
1477.000000 48.119266
1478.000000 48.602068
1479.000000 49.406738
1480.000000 50.211408
1481.000000 51.177012
1482.000000 51.820748
1483.000000 52.142616
1484.000000 51.820748
1485.000000 51.016078
1486.000000 46.027124
1487.000000 40.716302
1488.000000 35.405480
1489.000000 30.094658
1490.000000 24.783836
1491.000000 19.473014
1492.000000 14.162192
1493.000000 8.851370
1494.000000 3.540548
1495.000000 0.000000
1496.000000 0.000000
1497.000000 0.000000
1498.000000 0.000000
1499.000000 0.000000
1500.000000 0.000000
1501.000000 0.000000
1502.000000 0.000000
1503.000000 0.000000
1504.000000 0.000000
1505.000000 0.000000
1506.000000 0.000000
1507.000000 0.000000
1508.000000 0.000000
1509.000000 0.000000
1510.000000 0.000000
1511.000000 0.000000
1512.000000 0.000000
1513.000000 0.000000
1514.000000 0.000000
1515.000000 0.000000
1516.000000 0.000000
1517.000000 0.000000
1518.000000 0.000000
1519.000000 0.000000
1520.000000 0.000000
1521.000000 0.000000
1522.000000 0.000000
1523.000000 0.000000
1524.000000 0.000000
1525.000000 0.000000
1526.000000 0.000000
1527.000000 0.000000
1528.000000 0.000000
1529.000000 0.000000
1530.000000 0.000000
1531.000000 0.000000
1532.000000 0.000000
1533.000000 0.000000
1534.000000 5.310822
1535.000000 10.621644
1536.000000 15.932466
1537.000000 21.243288
1538.000000 26.554110
1539.000000 31.864932
1540.000000 35.727348
1541.000000 39.106962
1542.000000 41.520972
1543.000000 42.486576
1544.000000 41.360038
1545.000000 40.394434
1546.000000 39.750698
1547.000000 40.233500
1548.000000 40.555368
1549.000000 40.877236
1550.000000 41.520972
1551.000000 43.774048
1552.000000 42.647510
1553.000000 38.624160
1554.000000 36.532018
1555.000000 31.221196
1556.000000 28.485318
1557.000000 27.680648
1558.000000 29.129054
1559.000000 29.933724
1560.000000 32.186800
1561.000000 35.727348
1562.000000 39.428830
1563.000000 43.934982
1564.000000 49.084870
1565.000000 53.912890
1566.000000 58.258108
1567.000000 60.028382
1568.000000 63.247062
1569.000000 65.178270
1570.000000 67.753214
1571.000000 70.006290
1572.000000 72.581234
1573.000000 74.029640
1574.000000 75.317112
1575.000000 76.443650
1576.000000 76.443650
1577.000000 76.121782
1578.000000 75.960848
1579.000000 75.638980
1580.000000 75.638980
1581.000000 75.638980
1582.000000 75.638980
1583.000000 75.638980
1584.000000 75.960848
1585.000000 76.282716
1586.000000 77.087386
1587.000000 78.052990
1588.000000 79.018594
1589.000000 79.662330
1590.000000 80.467000
1591.000000 81.432604
1592.000000 82.076340
1593.000000 82.881010
1594.000000 84.007548
1595.000000 85.616888
1596.000000 87.065294
1597.000000 87.869964
1598.000000 88.352766
1599.000000 88.513700
1600.000000 88.352766
1601.000000 87.869964
1602.000000 87.869964
1603.000000 88.191832
1604.000000 88.674634
1605.000000 89.318370
1606.000000 89.640238
1607.000000 90.283974
1608.000000 90.605842
1609.000000 91.088644
1610.000000 91.249578
1611.000000 91.249578
1612.000000 90.927710
1613.000000 90.927710
1614.000000 90.927710
1615.000000 90.927710
1616.000000 90.927710
1617.000000 90.927710
1618.000000 90.766776
1619.000000 90.283974
1620.000000 89.801172
1621.000000 88.674634
1622.000000 87.869964
1623.000000 87.226228
1624.000000 86.904360
1625.000000 86.421558
1626.000000 86.260624
1627.000000 86.743426
1628.000000 86.904360
1629.000000 87.065294
1630.000000 87.065294
1631.000000 86.582492
1632.000000 85.938756
1633.000000 85.295020
1634.000000 84.651284
1635.000000 83.846614
1636.000000 84.329416
1637.000000 83.685680
1638.000000 83.524746
1639.000000 83.202878
1640.000000 82.881010
1641.000000 83.041944
1642.000000 83.363812
1643.000000 83.846614
1644.000000 84.490350
1645.000000 85.295020
1646.000000 86.099690
1647.000000 86.904360
1648.000000 88.352766
1649.000000 89.157436
1650.000000 89.479304
1651.000000 90.123040
1652.000000 90.123040
1653.000000 89.801172
1654.000000 88.835568
1655.000000 87.709030
1656.000000 86.260624
1657.000000 84.490350
1658.000000 82.881010
1659.000000 82.881010
1660.000000 82.881010
1661.000000 82.237274
1662.000000 80.627934
1663.000000 80.467000
1664.000000 80.627934
1665.000000 80.467000
1666.000000 79.823264
1667.000000 79.662330
1668.000000 79.662330
1669.000000 79.662330
1670.000000 79.018594
1671.000000 78.213924
1672.000000 77.409254
1673.000000 75.960848
1674.000000 74.190574
1675.000000 72.420300
1676.000000 70.489092
1677.000000 68.557884
1678.000000 66.787610
1679.000000 64.856402
1680.000000 61.959590
1681.000000 59.545580
1682.000000 56.648768
1683.000000 54.395692
1684.000000 52.303550
1685.000000 50.694210
1686.000000 49.245804
1687.000000 49.084870
1688.000000 48.280200
1689.000000 46.670860
1690.000000 44.256850
1691.000000 39.911632
1692.000000 34.600810
1693.000000 32.347734
1694.000000 30.738394
1695.000000 29.772790
1696.000000 27.358780
1697.000000 24.944770
1698.000000 20.116750
1699.000000 17.380872
1700.000000 12.874720
1701.000000 7.563898
1702.000000 2.253076
1703.000000 0.000000
1704.000000 0.000000
1705.000000 0.000000
1706.000000 0.000000
1707.000000 0.000000
1708.000000 0.000000
1709.000000 0.000000
1710.000000 0.000000
1711.000000 0.000000
1712.000000 0.000000
1713.000000 0.000000
1714.000000 0.000000
1715.000000 0.000000
1716.000000 0.000000
1717.000000 1.609340
1718.000000 6.920162
1719.000000 12.230984
1720.000000 17.541806
1721.000000 22.852628
1722.000000 27.841582
1723.000000 32.186800
1724.000000 36.210150
1725.000000 38.141358
1726.000000 40.555368
1727.000000 42.808444
1728.000000 45.222454
1729.000000 48.280200
1730.000000 49.567672
1731.000000 50.855144
1732.000000 51.659814
1733.000000 52.786352
1734.000000 54.073824
1735.000000 55.522230
1736.000000 55.683164
1737.000000 56.165966
1738.000000 56.005032
1739.000000 55.522230
1740.000000 55.844098
1741.000000 57.131570
1742.000000 57.936240
1743.000000 57.936240
1744.000000 57.936240
1745.000000 57.936240
1746.000000 57.936240
1747.000000 57.936240
1748.000000 58.097174
1749.000000 58.579976
1750.000000 58.740910
1751.000000 58.579976
1752.000000 57.936240
1753.000000 56.487834
1754.000000 54.878494
1755.000000 53.912890
1756.000000 50.533276
1757.000000 46.670860
1758.000000 41.360038
1759.000000 37.014820
1760.000000 32.669602
1761.000000 28.163450
1762.000000 23.335430
1763.000000 19.312080
1764.000000 14.001258
1765.000000 8.690436
1766.000000 3.379614
1767.000000 0.000000
1768.000000 0.000000
1769.000000 0.000000
1770.000000 0.000000
1771.000000 0.000000
1772.000000 0.000000
1773.000000 4.184284
1774.000000 9.495106
1775.000000 14.805928
1776.000000 20.116750
1777.000000 25.427572
1778.000000 30.738394
1779.000000 36.049216
1780.000000 40.233500
1781.000000 41.199104
1782.000000 44.256850
1783.000000 46.670860
1784.000000 48.280200
1785.000000 48.441134
1786.000000 48.280200
1787.000000 47.797398
1788.000000 47.153662
1789.000000 46.348992
1790.000000 45.061520
1791.000000 40.233500
1792.000000 34.922678
1793.000000 29.611856
1794.000000 24.301034
1795.000000 18.990212
1796.000000 13.679390
1797.000000 8.368568
1798.000000 3.057746
1799.000000 0.000000
1800.000000 0.000000
1801.000000 0.000000
1802.000000 0.000000
1803.000000 0.000000
1804.000000 0.000000
1805.000000 0.000000
1806.000000 0.000000
1807.000000 0.000000
1808.000000 0.000000
1809.000000 0.000000
1810.000000 0.000000
1811.000000 0.000000
1812.000000 0.000000
1813.000000 0.000000
1814.000000 0.000000
1815.000000 0.000000
1816.000000 0.000000
1817.000000 0.000000
1818.000000 5.310822
1819.000000 10.621644
1820.000000 15.932466
1821.000000 21.243288
1822.000000 26.554110
1823.000000 31.864932
1824.000000 37.175754
1825.000000 42.486576
1826.000000 44.739652
1827.000000 46.831794
1828.000000 50.694210
1829.000000 53.108220
1830.000000 54.073824
1831.000000 56.005032
1832.000000 56.487834
1833.000000 57.292504
1834.000000 58.097174
1835.000000 57.936240
1836.000000 58.097174
1837.000000 58.258108
1838.000000 57.936240
1839.000000 57.453438
1840.000000 57.936240
1841.000000 57.936240
1842.000000 57.292504
1843.000000 57.131570
1844.000000 56.970636
1845.000000 56.648768
1846.000000 56.648768
1847.000000 56.648768
1848.000000 56.648768
1849.000000 56.648768
1850.000000 56.648768
1851.000000 56.326900
1852.000000 56.487834
1853.000000 56.648768
1854.000000 57.131570
1855.000000 56.648768
1856.000000 56.326900
1857.000000 56.326900
1858.000000 56.326900
1859.000000 56.005032
1860.000000 55.683164
1861.000000 55.522230
1862.000000 53.912890
1863.000000 51.498880
1864.000000 48.441134
1865.000000 45.061520
1866.000000 41.038170
1867.000000 36.210150
1868.000000 31.864932
1869.000000 26.554110
1870.000000 21.243288
1871.000000 16.576202
1872.000000 11.587248
1873.000000 6.437360
1874.000000 1.609340
1875.000000 0.000000
